-0.205280775143792  0.827141217259029  -0.523160787968303
-0.414415428431466  0.832601399124221  -0.367470764625370
-0.645031916921295  -0.740698254441728  0.187882734757125
0.800562289498711  -0.192433324853720  -0.567511617606482
0.559637714206889  0.608591914555958  -0.562513564613692
-0.503638639354838  -0.858661160980138  0.095126923491984
0.021915448276360  0.396947837897252  0.917579493621966
-0.571406511087253  -0.497934176443777  0.652346652491105
-0.793000946339123  -0.590319749439459  -0.150572549048590
-0.564926154991249  -0.395708289458430  0.724067254514860
0.764058018822198  0.632962975537475  0.124792689979194
0.751239893999772  -0.646355312751725  -0.133654148236524
0.863479173888546  0.500258675032257  0.064381474942142
0.468412464817768  -0.070520362861024  0.880691002125770
0.927613903253531  -0.062532141605505  0.368269164819671
-0.855278974362070  -0.518157693916486  -0.003237321317887
0.134171049803354  0.867390580649174  -0.479199029627309
-0.293436903097820  -0.230748122119328  0.927712287316905
-0.023928566179128  0.413933724459541  0.909992470010419
-0.529396242053606  0.674126523447756  0.515066063028581
0.798639479098793  0.537791927875327  -0.270101508209316
-0.711946835403720  -0.510396847038055  0.482313966304357
-0.083298728173468  -0.159768778231048  -0.983633701835821
0.568460971297423  -0.070010378279509  -0.819725973142702
0.373881570850586  -0.663411557049389  0.648149424864054
-0.829466085994192  -0.500630049409949  0.247700556747995
0.683181083715862  0.659521089633762  -0.313521194149799
