2087
6.259153
9.408536
8.360979
19.055967
0.100000
30.584433
9.106041
4.796671
9.384186
0.100000
2.624196
0.166622
9.360117
5.123444
9.403628
13.595950
5.081195
0.100000
4.992534
4.131570
5.420733
5.452956
0.100000
10.526694
0.100000
0.100000
1.110398
3.284614
19.644453
6.371247
1.583385
9.128179
1.021341
1.976590
0.232698
6.100599
1.913219
1.090586
1.461166
0.100000
2.224177
4.926383
0.495024
1.930721
20.539060
1.515129
1.884669
0.633940
3.946406
0.100000
13.007352
0.338644
3.201984
8.742382
0.572422
7.403836
0.100000
83.307060
16.389745
0.612120
11.059938
23.032024
2.327943
0.643685
0.100000
7.001480
167.327650
14.008920
0.100000
7.174913
4.414357
1.553930
1.591819
7.054346
0.513150
0.409058
9.568019
10.222995
1.316297
6.588925
0.839032
0.781481
9.503947
1.188060
0.409929
1.569685
0.691906
20.318822
13.934665
0.100000
3.373370
5.433789
5.758287
8.837261
19.286135
17.325107
0.100000
0.100000
6.926254
2.701868
12.058771
9.161661
15.843214
4.653868
1.768842
6.378773
0.663506
1.081762
5.495103
0.398639
49.956963
6.129387
0.100000
107.729735
7.142994
0.982671
50.170215
5.538948
1.813934
7.569542
5.108637
5.793652
12.592565
11.887126
8.785235
4.784404
17.952390
1.592108
14.333034
0.100000
11.353854
7.737997
8.911253
0.100000
0.459293
28.934881
34.261287
1.236225
20.977104
11.341252
9.393242
4.409152
1.999573
16.697814
12.117734
6.650610
6.543517
2.350266
7.924246
1.050100
5.562266
0.100000
1.189807
8.844785
5.878896
7.509184
5.511214
11.682925
12.066104
4.370718
16.956410
64.405140
0.100000
22.410132
1.461630
13.849069
0.100000
7.648111
12.655313
3.861026
5.005306
15.576382
3.631595
4.144502
2.725483
37.627922
11.485120
0.100000
18.316364
6.788957
0.545052
0.100000
3.995228
4.798179
16.180267
14.448818
0.825764
25.504372
12.929006
4.768724
6.690995
19.050729
16.354886
29.253910
5.883598
1.826165
24.063876
5.233704
31.062481
82.315934
13.714285
1.215199
39.259631
3.597181
19.099860
1.845235
8.914284
0.725160
3.607600
0.667079
0.100000
0.187256
8.185327
0.225603
3.148203
0.526153
13.915918
2.295634
0.100000
0.605835
0.100000
1.222952
0.100000
11.298120
16.322173
10.161447
12.919747
27.035376
11.573092
1.070568
12.276227
22.306237
0.701259
2.578915
2.698016
20.624358
12.267015
15.962193
17.690280
91.033877
0.100000
4.600317
13.678729
15.440827
0.100000
1.477139
8.264846
0.100000
14.201635
31.177156
12.620219
4.308369
2.908418
0.100000
25.935291
1.688897
9.408019
0.804424
9.606824
0.733861
0.100000
2.069431
4.295660
3.135774
48.079326
38.508196
2.373301
24.735998
8.948764
2.142512
22.301651
0.332959
4.453254
2.368985
0.100000
5.025939
4.061578
5.318276
2.245540
0.100000
22.913565
14.604336
10.250230
1.116382
31.995386
6.658954
5.601089
13.135474
1.626154
1.915698
20.586537
1.278893
35.956657
28.856083
18.407680
10.738130
10.673204
1.741389
0.727859
27.559655
0.356932
9.175245
0.662903
1.203369
0.969171
19.070817
6.889016
19.481553
1.683136
23.525979
11.624531
20.019912
0.520712
11.985698
10.003981
2.276750
23.531957
0.388283
0.100000
10.453598
20.831141
2.685014
12.628665
21.895482
11.547236
1.476750
1.073889
12.295831
6.174799
9.837450
1.590370
11.655569
6.534708
2.170162
0.700936
7.419237
3.005249
16.755179
1.347218
18.228622
21.000178
4.354663
0.972209
29.453901
0.100000
6.968614
30.978675
36.635393
18.470794
1.998846
10.876742
9.505040
16.324304
13.287631
12.918447
5.096817
4.788499
6.387702
0.100000
0.100000
11.742781
7.556659
3.835732
7.738107
7.186115
12.569277
12.128985
18.943059
8.088535
8.027857
1.707361
14.056620
9.010060
7.156743
10.584919
0.527391
7.706709
0.542437
5.424018
1.730778
6.932807
9.163898
16.715313
10.000141
29.431840
10.444840
1.412332
6.854853
0.100000
11.807909
4.387087
0.834258
1.306982
13.666644
1.503306
1.217018
11.996137
15.273698
2.066513
9.991368
6.253376
15.520019
0.100000
0.890131
1.649557
0.400730
1.356045
18.961617
9.445782
12.478862
0.526695
2.112969
5.653655
12.799718
7.499147
7.512593
2.210774
17.423999
1.059352
4.301985
2.708216
4.896058
20.055468
1.296376
4.459598
4.921214
9.014698
1.650959
1.832597
3.043414
0.682097
0.351466
0.611401
18.280649
0.100000
2.883387
7.747256
12.033447
1.389514
7.420870
25.659296
0.734703
2.250048
16.142049
1.358411
5.112106
14.231783
0.167723
9.351121
28.972001
17.871939
15.941215
0.657459
6.444563
17.972126
9.800693
16.017255
1.082707
11.604957
14.643249
25.395342
4.377525
3.302360
24.104961
2.238068
2.695929
1.684406
14.902646
1.607318
13.609509
15.626009
2.142773
21.454659
40.723687
9.892593
12.037028
0.887145
12.301801
12.565749
0.100000
0.100000
1.169518
8.229490
6.406710
17.884564
11.658413
13.977334
2.550856
1.370118
38.435885
2.932794
2.601400
10.383395
3.649182
2.533985
9.552278
2.162735
2.686957
1.840104
5.088466
1.668148
9.081382
4.942960
0.100000
8.179327
4.973335
7.086576
1.560158
1.831415
0.954569
10.494047
11.854494
9.404334
24.546521
16.972699
3.707262
8.256575
24.683701
1.441396
1.273735
12.266402
0.896807
15.134247
17.399965
4.961653
2.453770
1.220302
23.041988
13.848254
0.489877
5.480098
1.794282
4.662153
24.249031
6.821412
23.795703
22.495330
23.038768
0.100000
3.087798
0.100000
5.720141
3.824695
20.775988
6.620749
18.189048
12.685813
9.765862
16.863995
11.110882
8.667281
21.615663
11.324735
11.328426
31.681339
11.686589
12.083499
17.910718
4.007879
7.146855
0.100000
18.929259
3.049094
6.524484
23.315962
3.947553
21.794899
5.558989
12.840714
11.393418
5.107069
8.802059
16.369131
1.656409
7.715057
0.955287
0.100000
0.100000
2.332383
8.027832
15.386372
0.100000
6.257007
0.506698
1.739596
2.255815
0.831747
0.777814
3.448792
15.705494
22.771878
1.753345
15.740040
13.718247
8.242110
18.219147
2.205846
5.083130
2.018066
0.608730
9.969628
13.947315
1.044790
1.477299
9.826274
16.275304
8.436937
12.966394
18.874178
7.653397
2.415059
29.905841
12.084628
15.499318
11.338572
20.419302
3.282174
16.717643
20.196411
1.170938
0.351259
2.427114
3.478249
1.929641
17.317455
3.119006
4.896834
3.419373
13.197923
1.793655
1.658434
3.811071
8.066852
12.909958
12.108417
12.133467
9.362315
0.100000
2.571760
2.633637
15.156469
4.602907
0.161488
4.503008
2.949659
3.568805
0.100000
0.100000
3.742028
28.119204
16.611120
13.750620
6.970163
1.617707
1.656927
1.627912
5.826251
11.325883
3.321649
7.675207
4.857988
3.030310
0.100000
8.403186
1.333265
0.371659
1.137913
6.344243
1.637511
3.334279
2.369715
2.954438
8.731182
0.758042
1.140600
28.362038
2.335317
3.267180
0.100000
3.161134
8.844150
27.754605
5.671894
18.243362
15.639512
10.015893
14.588825
27.854586
0.840440
4.479430
1.175825
0.100000
5.338488
2.143880
1.670513
5.053183
14.327997
16.015711
0.992078
1.534592
0.574789
0.465918
2.273816
1.624792
0.982256
2.064932
1.119906
25.875694
1.365505
14.119973
8.476493
23.380003
6.740213
13.306206
26.390386
4.340272
6.272985
5.901889
0.456232
5.879306
5.070719
10.505948
24.892142
7.581342
1.048436
3.050184
2.966352
0.845409
2.836992
28.918377
0.168408
1.094068
29.121552
15.621283
6.656453
23.262819
13.272349
16.489130
4.933262
4.632021
16.146126
15.076416
17.168612
1.742069
3.462829
0.100000
4.654641
21.664761
5.579205
23.697020
10.589473
10.229791
32.617100
19.624108
1.714397
1.096737
2.386852
1.702197
4.870887
13.869820
11.277082
30.556411
7.237832
18.763055
7.692872
3.395817
2.109059
1.200805
29.235935
4.551544
19.063469
5.821147
18.541118
3.802561
2.306842
7.725390
1.577133
28.404703
1.050508
1.504287
2.194257
9.808357
23.434955
15.517080
28.215784
6.906084
12.131445
2.176062
5.063542
10.424050
16.207957
16.894843
19.020544
1.248534
1.300452
6.002965
17.007038
6.153689
9.865761
4.773416
10.435496
9.170890
19.440315
0.382682
13.451025
31.055053
22.666466
26.255540
17.543372
35.955462
13.237701
35.667771
7.638631
1.287514
8.537261
15.288129
26.683413
1.552897
2.088273
1.818570
21.157749
16.303869
12.670808
25.054001
6.919651
10.836464
14.992624
3.406586
8.606835
0.789845
3.600560
15.649316
24.843722
15.440885
20.545865
10.798040
5.049665
24.257850
2.214022
1.291367
1.657244
1.942576
2.144218
4.842047
14.015125
28.486415
27.053131
21.771140
2.429200
10.051947
12.739246
22.415185
7.617254
5.751316
7.578282
0.947249
0.704955
12.145542
2.250728
13.493452
2.781457
2.002744
1.608481
4.333949
6.161337
19.215878
30.291701
13.362510
2.826544
25.759919
10.338708
11.651636
1.180309
2.596372
8.170800
2.502445
4.792655
3.941818
2.191038
23.799256
0.917330
7.168756
2.894353
1.733493
9.983191
2.399743
3.875104
5.586859
1.890251
5.907390
12.400164
12.300106
3.098702
3.520389
2.918209
26.244327
0.782587
21.396636
10.272390
2.821755
14.924922
3.613523
1.370228
1.995693
33.473479
28.607407
36.297789
14.645974
23.717975
34.088343
9.835482
1.912607
9.988514
19.750352
3.852821
19.396402
19.431564
14.638567
14.702529
2.064291
16.220847
0.100000
6.607268
35.287044
2.072851
9.453703
31.099229
19.141233
31.594680
32.948562
0.826324
9.776638
6.817157
9.637351
5.151757
2.511563
14.343819
4.688890
17.572430
8.711711
2.209650
4.980785
2.520634
11.068366
13.090111
3.564805
8.612806
14.426776
4.700416
2.282848
13.171804
3.355239
17.772402
5.416963
15.849286
4.765378
8.254185
18.539888
2.414124
33.576451
2.521983
20.786978
9.133599
7.979825
6.871179
10.071567
4.433438
6.893360
31.200071
2.054767
40.509778
12.096578
18.135245
1.196733
6.570064
11.961002
17.800542
19.291590
12.545109
4.763503
4.127278
2.309077
24.861226
2.464993
18.102489
8.176197
5.278715
20.684007
5.227053
8.438063
2.656724
8.519651
13.751622
14.099554
12.864732
1.088581
8.396663
32.135874
16.479031
9.931073
8.959444
11.831237
15.900238
24.139413
8.536945
2.476980
2.035635
1.732296
5.181666
16.315847
11.913363
22.513437
2.524320
1.613021
9.560970
8.742129
13.328124
12.144976
1.519628
2.508476
3.509381
3.020606
8.889920
3.607879
13.700984
23.751460
3.549530
28.833953
33.821209
3.183824
4.838986
13.130425
3.148190
4.125428
15.574237
3.740078
2.718522
4.193650
2.989532
0.534271
2.711560
22.667650
22.450563
4.563912
4.595032
10.611929
6.535082
3.098379
18.384886
26.117067
23.861416
19.859601
8.302290
1.941124
3.205065
2.166025
2.958019
5.795961
9.302988
6.063117
5.322395
4.704064
3.852849
3.056071
3.189267
3.069045
3.217596
1.964043
5.389121
4.206597
16.906366
4.150724
2.069008
3.137791
2.663356
3.561023
7.378887
2.435982
1.140207
4.192312
5.171734
5.943864
3.578649
8.992111
4.586159
3.976213
4.000159
11.401797
6.047464
4.249187
3.834896
7.596464
4.364385
26.273406
4.183962
11.116425
6.806211
5.223368
3.901970
17.527243
1.098728
7.146507
3.661234
2.921059
5.097469
4.674891
4.623260
15.553371
11.846442
8.796748
2.831929
8.447781
31.032455
40.558728
8.069787
10.246669
7.273928
16.334754
9.440913
28.924243
10.542222
1.420323
26.309433
42.997978
3.607273
9.762498
2.788871
2.212617
3.144758
3.500926
3.807156
1.926110
1.441166
4.907341
1.880372
1.312921
4.354620
6.472311
1.519195
1.142445
1.329837
4.665905
9.376837
5.990416
2.577871
6.233837
4.598875
4.663325
3.854259
4.308380
17.448123
8.153708
4.740798
3.134217
19.669821
21.145025
11.447979
5.993102
4.580663
2.874890
3.142298
6.657961
3.919455
32.250802
17.125560
9.118009
30.052079
21.201487
2.233956
3.622497
8.455302
8.985208
30.957887
20.455897
7.742010
13.063937
3.118843
3.443412
5.138733
5.043945
33.585284
17.214200
6.162217
6.578849
16.068914
28.804718
19.433833
27.198419
17.838861
19.635761
6.062635
22.630980
6.486876
10.002167
6.392401
13.991811
19.326229
17.401828
27.764469
2.472193
3.561017
3.361348
6.696446
3.488136
2.915587
2.770033
4.874951
3.627189
5.374427
4.274745
4.611380
2.522504
13.817433
8.965630
28.117498
18.011624
24.834819
16.863012
24.964255
7.387514
5.786466
6.857039
13.164129
7.597416
10.706595
12.663573
15.470897
19.708726
8.208157
10.876372
18.289700
45.172303
3.945566
4.684676
2.391875
12.539048
7.283067
6.426238
17.010777
10.387558
17.384028
20.853754
9.342656
4.574287
5.042534
8.440554
19.260102
6.676580
5.415559
6.529039
5.281457
10.973343
23.791685
13.383003
11.776923
4.369099
3.820450
5.720527
5.445811
5.248917
3.576429
3.591656
7.638193
9.509490
23.336422
12.123003
6.067380
4.427747
5.212503
4.591370
6.037552
8.413425
4.257974
7.520782
5.390327
17.570341
12.101774
11.761488
13.120140
7.970103
16.051399
10.812044
9.555567
9.879186
21.763302
9.537916
14.351082
8.914985
15.601454
5.218333
7.087742
1.791724
9.681256
8.150667
6.943377
3.899229
1.609636
6.572339
9.585374
11.041103
27.353230
14.488734
7.493933
7.211843
6.477689
6.312384
13.812487
18.095446
12.609168
8.086682
27.040758
5.353514
10.118773
4.269010
8.670371
10.103892
12.730126
17.263232
13.433497
3.771237
10.755677
9.076418
2.343251
8.272456
7.246934
9.541255
3.975921
15.042586
10.941002
7.654231
9.147841
5.049694
8.729282
13.476460
7.133466
15.403520
29.264851
7.651763
8.560261
7.850674
7.223037
6.676772
6.120613
7.364410
8.736273
10.261261
13.518096
4.592126
3.878268
4.923497
6.946437
17.620889
19.697574
14.263461
5.777655
5.904820
4.907340
28.914747
32.789419
2.829680
10.301572
32.625739
22.334486
24.998794
2.291353
1.148226
4.049824
3.234225
5.350639
2.604930
9.346617
35.160172
18.655931
25.197071
26.318672
30.240661
2.909298
5.912130
36.066610
26.287639
25.076756
23.847287
5.226603
1.437642
3.582959
9.715208
1.938822
8.506351
18.981699
2.150631
2.015250
0.835560
11.799487
3.511244
0.285938
20.110457
23.521412
1.806450
1.806724
1.975676
6.249729
1.021943
13.380915
6.682957
7.949373
1.696175
16.976992
0.991793
3.202121
16.533549
15.211038
0.961042
0.378603
7.551674
8.395784
29.555057
12.512343
14.561245
22.309050
22.785200
23.558205
19.041057
26.299860
27.090788
20.147719
7.050004
2.148176
5.380309
4.552915
19.809019
3.624156
3.013006
14.216858
9.202063
24.847215
22.934804
22.440306
18.203109
3.264046
9.163419
18.610736
1.142015
1.385934
2.081689
2.129238
4.120150
5.777216
6.435825
6.614961
18.141543
16.459381
1.196164
8.919302
15.688190
6.285391
7.871956
1.511306
25.494912
3.985001
8.831888
14.196663
23.418608
18.484198
19.971469
18.532632
14.067021
15.501764
8.775455
8.356109
16.779916
12.030488
13.856778
14.794960
12.052342
28.586371
15.896441
16.103675
9.960497
23.829429
12.330869
19.932043
16.258466
8.355041
2.585085
45.058083
9.552638
30.295860
32.898962
2.652084
26.312472
26.077512
4.256801
9.014020
24.952529
39.439301
6.723961
19.750637
14.530807
4.926634
29.621518
12.143993
36.622556
4.536095
32.853209
27.538161
9.966284
6.614792
2.261724
10.822982
9.224976
12.354387
2.124282
2.090987
2.467943
5.004910
24.660734
27.137980
20.572587
24.908944
24.388962
8.783228
11.362332
24.409046
11.636873
3.371123
0.798682
9.666259
8.267970
2.113911
2.133387
2.799521
14.459982
6.837236
0.689112
3.188196
2.796907
9.816150
2.838957
2.059937
11.371182
0.884112
6.115474
13.703186
2.265687
8.985964
6.423892
3.325192
32.075873
2.050488
28.005074
4.298737
4.417159
14.071425
9.084173
6.494182
5.125136
3.084624
13.692451
4.005922
11.339635
14.630096
1.893111
21.779557
30.432710
17.296035
24.040686
28.693792
3.755281
10.231497
9.591658
15.243821
17.448068
15.225462
27.053519
9.016232
6.476354
13.066254
14.243716
5.186331
6.266747
5.034618
5.034602
4.424406
6.165524
16.558426
6.810121
1.917075
2.646586
2.187954
2.599365
2.723162
2.574838
3.663167
3.460840
2.985547
4.131652
3.530144
20.604461
13.463553
8.865500
5.230828
7.777320
19.859548
6.601580
27.426589
1.826570
26.721308
8.587468
3.441338
2.917389
2.565157
3.264331
2.452952
2.645397
2.160710
1.678900
1.427794
1.587373
1.749826
2.615165
1.555444
2.429472
2.978702
4.036641
5.031556
6.016055
19.651374
7.106119
4.496488
1.367131
19.608198
1.802547
1.633357
2.584899
23.996581
14.630914
2.983872
3.250214
3.478817
3.485158
30.885574
26.052334
16.645729
2.722582
23.459716
9.056150
6.383034
6.848734
8.270441
7.398194
13.771690
15.708401
12.051825
7.752700
14.381389
12.205109
28.624916
9.267445
33.050877
13.950313
2.849290
2.056218
1.895533
1.678802
21.353974
8.209179
11.236637
7.692086
1.591136
8.894423
5.629410
7.248604
7.825050
6.724972
5.922264
9.713623
30.515090
23.597827
14.841891
9.336103
10.702265
8.245384
25.255313
2.044019
0.990178
0.691975
8.926017
9.173547
9.677488
18.816414
7.494495
10.202895
6.638184
6.199686
5.113426
21.154383
8.316045
8.356127
5.424170
6.367044
6.771228
9.950008
6.105925
3.104703
19.204924
32.195266
7.922005
15.866152
3.683373
3.362285
4.374051
16.481273
26.628032
16.012205
29.578138
12.820575
24.276327
18.843978
14.849075
18.474285
22.566827
31.562527
7.258422
7.008258
5.152991
6.090898
19.811120
13.348807
2.801895
4.961432
6.686297
10.684524
5.268081
3.788297
9.132283
7.570811
3.929256
6.391347
3.534438
5.991446
3.112454
3.298977
4.892755
2.991957
7.356052
8.257832
4.313014
4.548453
11.254182
35.712884
16.188276
49.960358
40.483136
4.770896
5.491882
2.599955
2.595426
2.774846
1.611922
1.483257
2.333611
3.216779
4.302013
16.332308
6.602300
12.314018
16.798517
2.195830
5.189892
2.646567
4.657055
3.580063
3.273646
3.239617
3.572926
4.247066
3.484164
4.705652
3.575858
6.254682
7.264925
4.322134
1.960021
1.883354
3.316860
5.449768
4.262520
10.676860
10.517009
6.805635
2.867185
4.300351
3.818709
6.066470
7.896912
7.575144
5.935874
9.947170
14.763284
3.298263
4.020246
6.821111
6.195556
6.505411
5.205254
2.957874
20.390173
13.958052
3.051737
45.964453
11.911398
13.032489
23.557358
28.157830
28.198648
3.618036
3.679895
4.204360
3.391238
4.762530
3.689620
1.601218
6.674235
4.238790
1.160712
1.032327
4.456851
4.180432
2.918892
6.633809
8.953196
2.770807
2.718623
0.789605
4.404568
6.971971
5.094276
8.514394
8.074370
4.655021
4.262409
9.890831
17.531571
10.627673
7.513030
8.533186
8.036228
4.924964
37.615067
11.910952
34.635464
7.766079
5.645779
6.178855
5.401191
11.742128
6.244866
19.611357
4.360453
5.450448
6.884553
5.033431
8.418554
4.484656
8.547579
9.558339
5.041568
4.757266
13.617139
4.891322
28.380745
7.739471
24.714512
10.181723
8.477937
6.682132
12.309744
15.229515
4.076181
3.251496
2.688153
2.091926
3.302926
6.783694
13.770652
9.078185
9.770687
16.651671
25.047789
14.369560
12.153216
15.811613
13.016201
11.513544
10.702243
4.285946
13.981400
8.382681
11.119285
33.266437
20.573817
16.059833
15.637205
9.368805
7.954569
8.459643
5.739857
14.153078
3.027994
5.525840
12.671555
5.152267
6.595242
9.669279
26.874101
15.767723
22.649601
6.656595
12.608235
11.697545
10.566755
5.493348
5.733029
8.183550
5.530310
5.783108
4.816252
5.396527
8.968482
30.115243
12.297892
9.732225
5.924438
4.674459
12.639497
6.549626
4.629043
8.326181
7.913912
9.158665
5.097115
4.341891
6.776607
6.777452
9.877724
11.092491
7.781508
10.553096
11.057117
10.879751
9.892460
2.588891
10.397676
6.202438
6.232722
2.382245
7.925648
0.898699
5.530670
6.768243
12.066939
21.510539
4.954502
25.742950
1.230831
24.484111
3.909547
8.323149
5.152987
1.603929
14.640611
2.753318
1.233545
21.541359
16.381493
8.164837
20.338666
7.974016
12.808990
3.031234
20.067411
6.728450
21.705192
13.978020
4.115298
6.188615
29.252521
11.710043
9.420424
3.591518
2.246540
12.174191
7.973912
5.983461
20.956841
3.876796
20.406543
6.308946
9.378646
3.226909
3.607778
5.983021
5.491193
6.995738
5.911670
36.644555
4.636520
4.707648
6.822524
3.805339
12.705453
4.935846
3.698798
5.283620
7.032032
6.891523
5.170451
16.120639
15.034379
16.768490
13.418962
11.116426
7.520342
4.448781
5.121283
5.001977
9.034843
14.058691
5.348836
11.148763
24.859822
17.421670
34.696593
4.176117
17.797243
1.665650
1.171423
1.360815
1.220171
1.350395
9.562584
1.266651
6.064127
10.745446
3.299456
5.688702
25.502617
3.156731
7.427874
24.718754
30.543920
2.181428
18.564802
2.514359
2.579996
4.181745
2.229712
22.409044
15.961526
20.376092
17.227473
35.390044
6.445131
4.615549
24.875066
21.116239
33.990898
13.147314
4.497973
7.342687
5.506554
9.228577
3.136562
4.486340
6.410965
5.266770
4.823786
6.180637
4.708075
3.307755
14.937875
3.932026
3.131494
19.169659
31.804141
13.726258
8.451732
