0.0000010000000000  38.6999999999999957
0.0000000000000000  77.7974999999999994
0.0000009750000000  38.8151899432492087
0.0000009500000000  38.9321431607538813
0.0000009250000000  39.0526402830336394
0.0000009000000000  39.1784966925155089
0.0000008750000000  39.3115799939658288
0.0000008500000000  39.4538275956923385
0.0000008250000000  39.6072644348588057
0.0000008000000000  39.7740208783260414
0.0000007750000000  39.9563508268553349
0.0000007500000000  40.1566500474087036
0.0000007250000000  40.3774747544167099
0.0000007000000000  40.6215604570289344
0.0000006750000000  40.8918410857933097
0.0000006500000000  41.1914684085582650
0.0000006250000000  41.5238317424195316
0.0000006000000000  41.8925779661645805
0.0000005750000000  42.3016318361017269
0.0000005500000000  42.7552166078226676
0.0000005250000000  43.2578749673373508
0.0000005000000000  43.8144902775175424
0.0000004750000000  44.4303081500735217
0.0000004500000000  45.1109583595312671
0.0000004250000000  45.8624771240083575
0.0000004000000000  46.6913297884530962
0.0000003750000000  47.6044339589237566
0.0000003500000000  48.6091831524311218
0.0000003250000000  49.7134710449795918
0.0000003000000000  50.9257164212498381
0.0000002750000000  52.2548889529172840
0.0000002500000000  53.7105359583834385
0.0000002250000000  55.3028103250307836
0.0000002000000000  57.0424998054873171
0.0000001750000000  58.9410579320261263
0.0000001500000000  61.0106368274533111
0.0000001250000000  63.2641222269736829
0.0000001000000000  65.7151710629091497
0.0000000750000000  68.3782520027015863
0.0000000500000000  71.2686893706799367
0.0000000250000000  74.4027109246632392
0.0000010000000000  38.6999999999999957
0.0000000000000000  77.7974999999999994
0.0000000250000000  74.4027109246411698
0.0000000500000000  71.2686893706990787
0.0000000750000000  68.3782520027050111
0.0000001000000000  65.7151710629218968
0.0000001250000000  63.2641222269926971
0.0000001500000000  61.0106368274745634
0.0000001750000000  58.9410579320428312
0.0000002000000000  57.0424998055059405
0.0000002250000000  55.3028103250463801
0.0000002500000000  53.7105359584014650
0.0000002750000000  52.2548889529386642
0.0000003000000000  50.9257164212766540
0.0000003250000000  49.7134710450073314
0.0000003500000000  48.6091831524520828
0.0000003750000000  47.6044339589397580
0.0000004000000000  46.6913297884715348
0.0000004250000000  45.8624771240277767
0.0000004500000000  45.1109583595497696
0.0000004750000000  44.4303081500954136
0.0000005000000000  43.8144902775331317
0.0000005250000000  43.2578749673564502
0.0000005500000000  42.7552166078430318
0.0000005750000000  42.3016318361207837
0.0000006000000000  41.8925779661827491
0.0000006250000000  41.5238317424380412
0.0000006500000000  41.1914684085761422
0.0000006750000000  40.8918410858075134
0.0000007000000000  40.6215604570399691
0.0000007250000000  40.3774747544250019
0.0000007500000000  40.1566500474184025
0.0000007750000000  39.9563508268671725
0.0000008000000000  39.7740208783385967
0.0000008250000000  39.6072644348653569
0.0000008500000000  39.4538275956980939
0.0000008750000000  39.3115799939733392
0.0000009000000000  39.1784966925231828
0.0000009250000000  39.0526402830444752
0.0000009500000000  38.9321431607533981
0.0000009750000000  38.8151899432504095
