2437
2.81712218181464
2.81712218181464
0.56919484112314
0.569680378625242
0.565118343335181
0.563826257258744
0.559168611402363
0.56288626449372
0.563278995680154
0.566892625066158
0.57188490675897
0.575318464829751
0.578347354488176
0.580625215641239
0.583258572697937
0.587718198368058
0.585857581169787
0.587599158675123
0.582438968325215
0.580839006648309
0.571085656679065
0.567809309058138
0.557963194499014
0.554804196817263
0.57423535180929
0.545327518604579
0.54117018931119
0.530646043514414
0.526300876394029
0.127405722643543
0.103151842946838
0.0475291278944518
0.0443567576923411
0.0438735506073842
0.043264370378595
0.0439933856389557
0.0411955343169551
0.0432550591678845
0.0393776752616764
0.0409262912712683
0.0383866519010676
0.0410434486455491
0.0382906366446733
0.0421425549159568
0.0381381929200692
0.0424170866901438
0.040770296605498
0.042477479679892
0.0400890541025242
0.0403370027260172
0.0394234348600112
0.0388501742853145
0.0393497799803031
0.0369009691920418
0.559873596655683
0.0364363247003263
0.0338039421531685
0.0323867280066716
0.0300082694569644
0.0308358852255392
0.0302937635806877
0.0278709190324213
0.026752342289441
0.0241570949194698
0.0223619600329467
0.0216860897735787
0.0205656026469616
0.550482202821858
0.0374855891015875
0.0378779918183747
0.0414020429440081
0.0442833082570834
0.562518387982322
0.0582384888211037
0.0887237963557694
0.124640663384613
0.163828622585973
0.173838090504712
0.196650433693924
0.203631936661881
0.232665399598975
0.23418869266122
0.257646984856528
0.265643515098276
0.278713460596877
0.243759172896032
0.201323283271689
0.163953040770648
2.77241363928114
2.77241363928114
2.77241363928114
2.77241363928114
0.258381827380146
2.77241363928114
0.204680567835298
0.209919056233891
0.186297629004393
0.198465975783408
0.159787076501679
0.174428288831268
0.162044872914519
0.195215630262006
0.221807969406851
0.157397522991696
0.206876011766685
0.246361708823734
0.148740284835297
0.212547647780419
0.185770674770781
0.564773165956283
0.544877745227301
0.575647670111683
0.535542481581782
0.259564211073258
0.188764439068022
0.246037265261549
0.198485754245934
0.244059512594817
0.200878986885035
0.260676493721766
0.215534540901969
0.148332095788569
0.151837585027558
0.123178956176802
0.126057066208803
0.573078582613118
0.113006464126669
0.117406894087635
0.100453438744985
0.109610492552108
0.0838896173274385
0.0984378651161012
0.0751155645240744
0.122963300799575
0.0896309751548057
0.0663352641138684
0.0316463499619785
0.0769684008154184
0.0574057463069012
0.589279615514587
0.0389467221632858
0.066974497548538
0.0513317245024748
0.202620466019514
0.531120623615805
0.229933683771271
0.335407472468404
0.59665357319466
0.590389910637868
0.586376611736692
0.581505569859323
0.578375146958741
0.574722483764586
0.571527090047083
0.571217511069764
0.567259415608776
0.568055857159901
0.562312751365336
0.546040513640273
0.532736398843948
0.563143101578925
0.138322071979943
2.77241363928114
2.77241363928114
0.186645141569473
0.218572646681447
0.300450809192403
0.296793757448592
0.2965763807911
0.286437041940641
0.285452641036782
0.27512954493834
0.272151959716515
0.255096983070126
0.250998518627606
0.284129118947278
0.229543276397107
0.224267824590674
2.77241363928114
0.56142318142812
0.198340193228188
0.191368985096565
0.0284180976108158
0.0622720338828357
0.173605163324827
0.18699647947075
0.277223585664287
0.318608764213722
0.603674379951866
0.612488629763627
0.622220275922394
0.618716964588181
0.628765279823469
0.625255867909007
0.636097634364426
0.632048059234202
0.643721001443824
0.381626152548042
0.639902220135945
0.6281702828045
0.651103535459355
0.607218526134559
0.63844519741003
0.661338811137092
0.0331050171363354
0.0326777884983087
0.648837642506389
0.6652268509563
0.647621667819358
0.651625075086734
0.165734641859242
0.181695423773226
0.641785358310341
0.634674723018073
0.630560529573629
0.586223345213396
0.625060179831471
0.61818597249353
0.0243635847101931
0.613631021471887
0.614290815111814
0.58505214296707
0.611558026026313
0.606416250633895
0.0488789110854891
0.0588131785937285
0.0465361896043763
0.0535669440274886
0.0469850563128456
0.0507061612869392
0.0447815318777293
0.502815497006408
0.502468515847594
0.5026770270601
0.502254112382134
0.0504586424255729
0.606854295937609
0.598052375696249
0.59780078714924
0.589555566299724
0.590861860261109
0.583797797617625
0.582181282630772
0.576458957814278
0.575235857625734
0.569395529598715
0.57065246467485
0.565956700368888
0.566197737451861
0.563287070881161
0.562554016693571
0.55950610255937
2.77241363928114
2.77241363928114
2.77241363928114
0.563756159774388
0.0141183232206243
2.77241363928114
0.105576130697497
0.127595005605077
0.205740929676614
0.227599378380391
0.272971700693354
0.272563807658243
0.29103893754625
0.28439824778576
0.301522102619469
0.296682519743247
0.296021219439469
0.28571081313949
0.286478080074514
0.273933992689126
0.309139947826585
0.277291726891688
0.265918158970628
0.262388818487658
0.261126201355859
0.262276020683647
0.0514682323794884
0.243973396845163
0.243140868964438
0.287521122049017
0.224699340864373
0.229338600722065
0.21002638396609
0.217293006560552
0.200525415982989
0.195744507662406
0.211132579941433
0.203111930373852
0.212351073701096
0.204651748931282
0.212467472467662
0.205089504788268
0.177232784197687
0.608821877362516
0.235554031012715
0.227097861505339
0.266282339473385
0.259755629046578
0.282742381728207
0.249827314955414
0.281471256966236
0.289830053205496
0.29061476616012
0.293233911272219
0.291392762779968
0.289141561163216
0.286081212793596
0.279863916732782
0.278041851367606
0.274246471871516
0.270410351142079
0.259385485414683
0.256745149424856
0.24477551886309
0.24143138244251
2.81712218181464
0.548889319739325
2.81712218181464
0.520950985199668
2.81712218181464
2.81712218181464
0.289974833251792
0.255307187849649
0.584609636972964
0.302500812153401
0.27069841663742
0.130295677613223
0.145136765764236
0.0375900922040622
0.041122286475162
0.593744793193827
0.237250171203162
0.181970290672822
0.263414996254878
0.575473058678684
0.537657972169656
0.032970283834171
0.564549325512898
0.553758256292168
0.558443118797633
0.556042826481892
0.588715423278588
0.576828847683025
0.581558460872315
0.578959970632543
0.592153381746038
0.60195094515918
0.256581774200183
0.617936217512945
0.626471213648882
0.254392920233136
0.0461381750178723
0.0438767445925
0.597833129296437
0.587925512845997
0.0477805014335907
0.0452533314638899
0.0412993028273515
0.0420669518400489
0.584168079683605
0.572106004704522
0.502854879606362
0.0385937305573237
0.262709133089958
0.56657577568114
0.62884956514703
0.621988418815686
0.196298110721534
0.643494353837211
0.598863427362074
0.583042204072939
0.569584163038145
0.554476169348217
0.552059711289288
0.0867444085525018
0.110323499017867
0.580426211964124
0.567145588490854
0.557103084267796
0.554858743390619
0.549719595308612
0.544272459653167
0.538108130149942
0.537340504747159
0.5200322920443
0.527835559522603
0.54327428422343
0.538214744446818
0.512298412443505
0.543201411721146
0.538602447602846
0.0986659826348193
0.0376577895830692
0.0372373776615225
2.81712218181464
0.573305934162888
0.0343209553447428
0.615836840633913
0.609245211412136
0.613990591012832
0.601748282253944
0.60492035591481
0.596791074404783
0.59030030669322
0.588475736346773
0.581869025745616
0.583347492331616
0.590422796752684
0.578178188243007
0.559206776531385
0.579736165778096
0.573173285609734
0.594642892347962
0.151553973773366
0.157704801423405
0.116718144742183
2.81712218181464
0.180034776793604
0.566895631542215
0.154802468983674
0.116674148864568
0.18646520532631
0.176380467819497
0.234937348749384
0.221043391940167
0.264296835270248
0.260218827671523
0.267524278181861
0.218438592343766
0.202136613078772
0.150264579397926
0.129739925974975
2.77241363928114
0.504330839418809
0.511504211646494
0.0388269302309794
0.152672302033035
0.162293360602325
0.500803643911224
0.506594111618868
0.549621856905411
0.546113416115867
0.549329808866236
0.541739843371125
0.542962362348093
0.536385730546515
0.53308205359588
0.522941319736747
0.520665574809235
0.271528133443858
0.536154599045164
0.387499215046925
0.0406477107265696
0.0403198424663275
0.0423130844838329
0.505772873799441
0.50846666247911
0.508862717468339
0.524439637760464
0.524043704429185
0.027212679289056
0.604774237134847
0.253990275146795
0.247526371113992
0.242604500710942
0.228676677897387
0.227559913040497
0.210274469239309
0.211891290373402
0.192218799040809
0.200972063017026
0.178561714112848
0.167655262988928
0.145465277553818
0.132603427453246
0.107744746781153
0.192478244005967
0.100770851971
0.0716395552113621
0.0642409390586975
0.0523713087231013
0.091003564475625
0.218455227965869
0.215703760460451
0.239199833346048
0.235030438349733
0.240133484294275
0.243870779611395
0.195739982869761
0.219571756688879
0.15059459985853
0.191400881611283
0.19994397452574
0.271537119438031
0.249444077432057
0.258931296086174
0.280716344660589
0.268701462537688
0.297031360571763
0.29005884709878
0.318067370965393
0.236926080476934
0.310043245356009
0.290203659859293
0.317237754606637
2.77241363928114
0.24926676433918
2.77241363928114
2.77241363928114
0.30144389211906
2.77241363928114
0.223320703536932
2.81712218181464
0.137251874339967
0.573929667171386
0.561848770709324
0.551834153285725
0.55133911359819
0.113357146921041
0.577763082747781
0.366157926418857
0.538591933648845
0.206973222432062
0.105308752945119
0.0449325628768399
0.0585104989535191
0.0532568358984384
0.220054866439657
0.585165712557537
0.0425950040430153
0.587678114942023
0.587109697550152
0.222730325837128
0.520586639856113
0.507771163534861
0.521133878362211
0.520722307686686
0.132756868802995
0.106115967152274
0.543287734309899
0.055004694641619
0.246273548113372
0.126931062554983
0.0407543233262841
0.0385194330946973
0.0403234526323092
0.0361778278044179
0.285474639357232
0.0386583583577609
0.0371747917294023
0.0418991902851622
0.292793996286178
0.0273047693410238
0.0418818579449221
0.123336345451928
0.595074680119641
0.595567752942733
0.594586859479194
0.0390179852370721
0.115094938482803
0.561925232746838
0.548859819507205
0.134623623174451
0.112573024691464
0.156469063711236
0.0276119626863393
0.0420289158755413
0.03848997981762
0.0324340844038831
0.0358526310895455
0.0323725979093309
0.0366454092985879
0.145521965751217
0.503657087517689
0.504687406195972
0.504135628060706
0.0446780535205343
0.587667404173724
0.594652999068022
0.31201980308292
2.77241363928114
0.503640378412545
0.522713479989813
0.160810259334902
0.178356863536949
0.0516492843038132
0.0354886764318762
0.0342515979397087
0.547493660504621
0.503924129664745
0.503619049980606
0.0338578244355212
0.0816460374900465
0.595156571364569
0.590222995006075
0.0355378293486636
0.0354235042229971
0.543459662747412
0.536150518220476
0.534791854185648
0.523156651356885
0.527317526888837
0.0716879282805966
0.0716510172703659
0.0349239344679342
0.0376393330716355
0.039994231463931
0.286771305932219
0.182675014598983
0.199569304991721
0.16454379747838
0.207373669829795
0.232350902055003
0.226179319596547
0.260422693253071
0.26712390931933
0.28254894796206
0.269852937494542
0.194896526717658
0.0928901853172801
0.0930887745555209
0.111785201623663
0.128103675018272
0.123353812668669
0.215015497262759
0.141320175737266
0.616679079955677
0.347645494835764
0.319171492652479
0.230311499953528
0.281877752861782
0.194252476377466
0.245247706673389
0.157745424945513
0.209112943651845
0.124543750988991
0.0708551547554987
0.180440150447138
0.039227870897651
2.77241363928114
2.77241363928114
0.564013747778911
0.0393397589129575
0.511447799095597
0.507750045853679
0.502236733673127
0.224798036298081
0.24955263732513
0.219187310418523
0.236181954811877
0.224150210723099
0.26485293584155
0.25971311424911
0.273332402147426
0.264589956102523
0.277276151461081
0.2438023485662
0.568029547159755
0.573533834585452
0.573896865311173
0.574498754033454
0.576015292250546
0.577768415201998
0.576027794418011
0.578376212503457
0.58081493648988
0.578830675010017
0.579398874870241
0.575836416427592
0.576390722878831
0.575129870050952
0.572543581978242
0.56950969996228
0.552326621503674
0.569085445376411
0.534974630780773
0.516167685841984
2.81712218181464
0.577456553485644
0.0442810552213736
0.0405638089365183
0.0364126194591031
0.0637968264804907
0.096882706468421
0.0418373744050989
0.0371047676924505
0.0554318508638144
0.0889482929125711
0.351596431829063
0.32950503985452
0.325517673228203
0.307404134445504
0.303559700420701
0.285391758242684
0.57927673322339
0.57419506033561
0.578780340898679
0.573614133044382
0.272137351961761
0.567789832729294
0.256683151785495
0.0258694610741475
0.0386711571389485
0.0380301869894073
0.226521248074021
0.200578861998709
0.540622968012783
0.530887565920255
0.259182230661258
0.161086287828795
0.0245585758433231
0.141449460858457
0.0467431594201203
0.540166168665405
0.574608305257019
0.538948861122886
0.036436338420725
0.0361981556975699
0.0365003876463539
0.0314290121158405
0.0317457587213701
2.77241363928114
2.77241363928114
2.77241363928114
0.171609076001105
2.77241363928114
0.0296894856519886
0.271287495362299
0.578445152302141
0.589885039402505
0.585049789010062
0.039819620774625
0.0430509862605108
0.0375326548878732
0.0305648118606442
0.0285630309317209
0.0315231935010356
0.026477712739022
0.0298723800786204
0.585346362822934
0.580228217849832
0.580527712899486
0.359486917991768
0.161577906550804
0.0869355738252696
0.159613450910288
0.0380378400988258
0.0396708170529438
0.0855566699789498
0.26049180057765
0.559211294011185
0.592225226908898
0.328319468478405
0.347272626812266
0.0284881467681986
0.226684611846108
0.1467054869852
2.77241363928114
2.77241363928114
0.0668143653438925
2.77241363928114
2.77241363928114
0.0364930285906316
0.0372794738039428
0.0368610179989452
0.502116458235249
0.0441116776031859
0.0382531682592579
0.0393943290144784
0.131796601104465
0.213294768242332
0.205899812339287
0.203135535716911
0.176274733225008
0.192592750374469
0.606579410126101
0.60397219925973
0.592275920492759
0.0743847894862927
0.0346224403951382
0.0341336929893605
0.0472903908386302
0.308134987517741
0.285583492085527
0.0390813105471502
0.0363461557780266
0.22967953512662
0.583633214639219
0.0515056882360397
0.0364367729996568
0.0442149564704321
0.0462062905985213
0.0329812853603969
0.0340002834688052
0.583131188468949
0.0672747468412503
0.150246685246758
0.0789172903290393
0.0780978566842987
0.0545318533069514
0.0422773400085876
0.0357790730100402
0.0384600320503859
0.0426406749901527
0.0427650996884544
0.0315654483140858
0.0345754668827842
0.0359112130527921
0.0365148621500866
0.0329610902562835
0.574977159815289
2.77241363928114
2.77241363928114
2.77241363928114
0.0584564490701383
0.176560118415341
0.231489612246406
0.294044796978298
0.238858561418436
0.290156497745247
0.28604439335195
0.298249469050167
0.185259003330455
0.596604636616818
0.304835640116533
0.27503299706337
0.310122887354565
0.312259468221762
0.300853574888388
0.305557696590207
0.268012996139972
0.58901748066646
0.538482605377761
0.154456948597516
0.539678314751617
0.525624551359001
0.541747358682759
0.528115294044599
0.543852684183531
0.546864523682643
0.549070810238959
0.552229298577822
0.530274824619408
0.516139140929521
0.554516951070773
0.557833068834571
0.561631643381009
0.564552595152202
0.615674900347028
0.382414936391126
0.626814103391405
0.232757657593162
0.67827844420757
0.558185274631727
0.545296388709324
2.77241363928114
0.28262898165675
0.26272273122496
0.575123388073166
0.287246090582205
0.613602439927779
0.615653537713265
0.549442055214949
0.216818597802509
0.289403562246609
0.61510475889304
0.559245482387816
0.578024475644644
0.562317517979665
0.598799199960855
0.55464531777136
0.210970759967009
0.388899516894562
0.389997828856178
0.627587993796194
0.628148988172568
0.629629464733714
0.0331818905718691
0.153719174797324
0.5674663432093
0.606828120298646
0.0433243778611567
0.0399677322635626
0.0566729917024073
0.100604724691631
0.581546502353175
0.574495295404104
0.58259800642564
0.57424880569213
0.582638775602056
0.568902198376648
0.576466976218851
0.26472675748863
0.273624853751643
0.31221617738518
0.57878426164603
0.565361616982994
0.580422665264156
0.258158781131319
0.303560499171103
0.258450830126805
0.335456037810932
0.102718420600395
0.50372834320262
0.20394423226253
0.285157390681626
0.299458365147408
0.284809820097998
0.29772970273416
0.595729437132713
0.306877541389782
0.0590698122456076
0.245633135483653
0.237350114473618
0.0450446779089129
0.296351255698228
0.502803410699908
0.576789031706441
0.564141148516799
0.0426756173771321
0.258611422570006
0.265194978284867
0.0383781631338143
0.0260585544312128
0.239801646916948
0.0633113237885978
0.57344802055498
0.0376336364230018
0.254657301600864
0.58474712736085
0.589537314665842
2.77241363928114
0.0466983791763036
0.564806340684391
0.228213264982034
0.275884108013583
0.577590534148144
0.0451703008014093
0.575980682678155
0.552918028131296
0.150904948771956
0.1688199215832
0.160140129837981
0.141391320006238
0.167361306086835
0.167157037650196
0.204549429880528
0.204289155637186
0.239825244368812
0.230106709995898
0.269298580438737
0.221341727426054
0.208864720414082
0.152617093588761
0.138045500231336
0.123529399475139
0.068342501907736
0.164145596791748
0.114888899949307
0.201826052745385
2.77241363928114
2.77241363928114
0.255967478504975
0.19540147893394
0.0409678801511885
0.0389123460807934
0.503329814505992
0.634684410690584
0.0401084419027421
0.0381140328342944
0.037692210351978
0.504604714255641
0.255356826431459
0.236899283509718
0.0825643747783496
0.295322885653918
0.194557736743478
0.533666374883323
0.147402810136423
0.302506024448867
0.298702430491433
0.0379851407194753
0.501785685419509
0.218692164494825
0.0370576654212148
0.138221251463242
0.128516038158871
0.037615790901572
0.305945687413984
0.557786219716236
0.336251429618965
0.530202225627193
0.23085008813461
0.224005841494813
0.0357401806041096
0.0447817212843779
0.0424182229929471
0.178042636942036
0.324692863989524
0.25037298361955
0.297290200694175
0.241156594889537
0.268229622452445
0.274642182231445
0.0820434579067806
0.519659259186808
0.558034764094467
0.0386345009784127
2.77241363928114
2.77241363928114
0.283941163877362
2.77241363928114
0.304391875829801
0.53396372468543
0.572253300056598
0.159801278116871
0.0405101630270638
0.574121117267652
0.164990961241205
0.190826106509429
0.176984344177094
0.21293066322787
0.18743006127862
0.168914877773962
0.190124018958711
0.177941143579001
0.15021384078957
0.169022938293565
0.588710140849126
2.77241363928114
2.77241363928114
0.320155931950423
0.226067524606264
0.32553836429217
0.0440714577770918
0.139856634230632
0.217397611523607
0.301284721734585
0.0834458737522908
0.0957633505756555
0.0824456705491744
0.0422085390285605
0.118635919969024
0.567008940330788
0.560875905830039
0.301023395793144
0.0367230474512822
0.502226876539154
0.310295269781619
0.624736768350699
0.63229270881174
0.212126650839215
0.0429898079721845
0.038611702773065
0.62509660245728
0.391271140976167
0.0415761762693311
2.77241363928114
0.0346288280336278
0.549793012556278
0.565652996833831
0.0382221070566404
0.147920808366382
0.128660148660353
0.582102716109737
0.586713105852534
0.0445436179068747
0.534788328502111
0.283116449128184
0.037815341976684
0.50269629251935
0.297491340601356
0.265071375756627
0.502082227045615
0.0514499521059339
0.291566667543774
0.538123434246079
2.77241363928114
0.0359139126172419
0.273078938852678
0.260486207787666
0.167677399023237
2.77241363928114
0.545857843420702
0.567346651979344
0.580293355176586
0.588722992053919
0.603060280322498
0.575223107464087
0.541278545550739
2.77241363928114
0.206203848346762
2.77241363928114
0.586015180739999
0.229266729346498
0.22096759477633
0.206230559405163
0.0357838510396321
0.0383663374021965
0.154873626143593
0.0454230846132439
0.270791558209942
0.0391667829022683
0.138035365425437
0.543339598011163
0.515728153706012
0.526472490534391
0.315270989467075
0.291912709394181
0.563075977419998
0.162923158548924
0.186291336677328
0.268654900285089
0.29414988873631
0.142103155468128
0.0416861624821093
0.199047307276095
0.215039339112099
0.576919575584776
0.581578944048778
0.337435468349857
0.145774349944666
0.139285891557256
0.564612741480769
0.196841042237798
0.547032645006828
0.503318567571564
0.273634171029047
0.275845734262561
0.191936625463673
0.298957717669405
0.591609116209789
0.121730530357505
0.0440022227174241
0.258011409126832
0.0553524839673193
0.291736999530183
0.288453594487885
0.293420698107415
0.289215549495953
0.291310629251684
0.290239634139489
0.282893640118709
0.284733723546403
0.283610227883995
0.275532529139505
0.274780944674965
0.243746475100709
0.200253365812042
0.175746257680616
0.116223278442739
0.108041381623831
0.504449450207001
0.286276352213294
0.285519232933825
0.30365763630552
0.28097913293025
2.77241363928114
0.160518078501285
0.252108936450234
0.240980763684555
2.81712218181464
2.81712218181464
0.538681797042823
0.555525844113121
0.559656719224371
0.55939375484808
0.563662702297273
0.563660683798688
0.568195132552936
0.569480879596193
0.574404044635079
0.57631594549619
0.568067881667935
0.209648886080475
0.235608370352457
0.230810201214878
0.223207638223777
0.261963051975517
0.222550695968083
0.270285122717858
0.57448905460778
0.577118114803398
0.579343080137852
0.228886209983547
0.222253650111324
0.210632670520191
0.0500456440639733
0.519043150967044
0.148075920986994
0.190824911730075
0.386734551244047
0.287268700692638
0.282935148301426
0.592085432888642
0.298691859892217
0.60809570655265
0.607658098377282
0.605802184110364
0.607958508900413
0.317311774696455
0.611478009038542
0.611874887755376
0.29786471376732
0.297253637329024
0.627328740336492
0.385063990275176
0.131158764079131
0.15294805190534
0.109112624780556
0.601885108739894
0.601651328932088
0.603471769503078
0.221250562426215
0.240554277966704
2.81712218181464
2.81712218181464
0.283326283322349
0.203429738158048
0.503088700290489
0.503038470624332
0.555342551980585
0.261463416739891
0.230132995149034
0.209599168479813
2.77241363928114
0.163378291716605
0.108245851076201
0.503250589917282
0.564018107250708
0.523886793262215
0.520995615619908
0.554961919620982
0.551921765648958
0.56905201192859
0.560663904962238
0.571716409360106
0.563169845376021
0.567517687681823
0.565397561879887
0.573087207837515
0.573903280565141
0.580516551730284
0.576719497431755
0.583462860667807
0.579541010151726
0.585738101389948
0.581791247710749
0.588073562258915
0.587339487778107
0.551764962339383
0.584736925083575
0.590790282825211
0.593609362140112
2.81712218181464
0.568347116696739
0.57020345770229
0.587673330573709
0.575672678076205
0.594561446950693
0.596862096969278
2.81712218181464
0.598134271964098
0.596115433297481
0.563305297585132
0.563696184219419
0.561299937494193
0.596984418144027
0.600405891393153
0.599918551560792
0.581984445761523
0.584649367954048
0.574677877540652
0.275657848143248
2.77241363928114
0.0716755936548013
0.418178840383992
0.403868893978976
0.503083509001874
0.255556735889149
0.119366416979485
2.77241363928114
0.504753864337901
0.577366219260983
0.559330332137206
0.571314214424274
0.241182863777755
0.232066888679077
0.258487788482259
0.205821094772042
0.0565938974421135
0.212880344620468
0.222787289945689
0.110608388564808
0.609105552104572
0.241786279671268
0.577749739418784
0.579967838942651
0.105938952968521
0.548042614543077
0.577129473011634
0.200550354055469
0.528487388717701
0.534997091846333
0.230487294048945
0.251485391353144
0.608898893187452
0.298480163307915
0.281669150833191
0.158533224996107
0.175166923234773
0.574186485975805
0.55214312827729
0.236983058356551
0.0754594932467674
0.295985080201837
0.507417992232409
0.18719538338295
0.135759159895218
0.139071806939166
0.132034239586088
0.126282203436994
0.0873633229193798
0.537413359789061
0.597799102723235
0.336655132461239
0.198872134732432
0.0524653457751643
0.277405505235683
0.293757560805397
0.503151485407946
0.603833069428196
0.602480857295377
0.604301670267966
0.553974684959857
0.563392617849687
0.504015116455398
0.503894078316896
0.185620824064569
0.192008971940887
0.293075114111898
0.288333347776357
0.207052423985626
0.0597315304010872
0.122066806333979
0.227875952423734
0.185643297762608
0.163933215923915
0.166064307051883
0.213878338426901
0.178448659953833
0.16136793073547
0.573869058980631
0.154057798809049
0.15115442581201
0.579108484605899
0.581264926560206
0.539060019386865
0.274187742458457
0.526144480364655
0.0495239363819606
0.0605811840557249
0.0736391153101704
0.5575993716568
0.180552589838049
2.77241363928114
2.77241363928114
0.510358899204439
0.042751981761844
0.2736930759239
2.77241363928114
0.295776498145881
0.305921631626781
0.1492211657815
0.186575889439615
0.157220819941849
0.289533778383628
0.279395536680039
0.285483299175871
0.268777536569015
0.265094212527426
0.141132947739382
0.609522150678745
0.233327007651378
0.55886087727205
0.566701099122143
2.77241363928114
0.230489203051652
0.15633646067112
0.594362203230965
0.208590364107992
0.577896493426828
0.609959369766328
2.81712218181464
0.268623107374914
0.544287913588729
0.159439971516453
0.2383905096137
0.554211221938399
0.566607102261796
0.549905424030829
0.606411190952803
0.608082185354561
0.60476159564447
0.613207746771312
0.58218181911791
0.302194377957665
0.623216005469802
0.600487880131352
0.615699240771367
0.3120680712041
0.364712472122802
0.100152608679524
0.367454362761122
0.575820790753096
0.599668752302189
0.272769907547449
0.0686831775362943
0.599695115035716
0.298398850839926
0.286871928992058
0.269436970727071
0.162453167232956
0.591971368929665
0.578895108617958
0.151611869417848
0.594792509829729
0.201879102542703
0.566356595521219
0.562865810437688
0.631959679543956
0.626303061536851
0.0457420280643544
0.231698307119987
0.283700444679805
2.77241363928114
0.267184473993644
0.26650568271789
0.269675474956912
0.586376065222481
0.185423746969036
0.165111728727879
0.559066474709206
0.206755339862733
0.0822966217145562
0.225036265247179
0.174987764421006
0.574782038270257
0.576863660998344
0.572077538421142
0.572274328291112
0.554586679082379
0.35438661692335
0.331441466337768
0.51330864760208
0.147618828199261
0.589595123625836
0.586359238879813
0.592562331598318
0.568296370569771
0.581984709303663
0.584838933412996
0.564853313559729
0.231750112229331
0.249915293132326
0.572385497642192
0.622345268939841
0.104722855138554
0.120863022817652
0.120417817451521
0.0964380593704057
0.0921196590971359
0.0871646963877574
0.117273287149902
0.132044574458449
0.130249236354443
0.148879713748027
0.152083848516601
0.154330514625243
0.117532028025268
0.598044335474723
0.570339591001394
0.573396215353894
0.55083399870987
0.282986669494147
0.555539896988981
0.184361107107082
0.55322069809704
0.553996727113632
0.0889739541138268
0.104685685485872
0.561210766262763
0.224832985568269
0.269460801780258
0.565770711730419
0.282169623619307
0.582855217591879
0.582630680233807
0.537077406575644
0.150655095372721
0.16063764706583
0.184076760334121
0.2057493996598
0.593719213525366
0.600303952818057
0.372127206228171
0.615914059546832
0.278655157712209
0.420387296428019
0.348821402688613
0.280286500691918
0.402777456175506
0.367451011537859
0.558212769682112
0.272098925669049
0.235585628376666
0.214136174659302
0.265289423606531
0.286122307284877
0.286651326552185
0.261608773173231
0.198615127134068
0.223062052294684
0.232889036716006
0.583896197798895
0.22303784434263
0.167185652968249
0.245424918942068
0.215215221667282
0.01
2.77241363928114
0.126570293501683
0.140200856898513
0.184649246779777
0.214204477665554
0.170430330470685
0.260725255313775
0.193173387324625
0.159072615543663
0.553203965701201
0.579691800896024
0.28170811227833
0.550379303179221
0.193050723100115
0.22457388146975
0.553425712555121
2.77241363928114
0.253516056138926
0.228998170110401
0.268766969442141
2.77241363928114
2.77241363928114
0.567427642551592
0.213138730699959
0.248023013542668
0.55563313940157
0.279403092804682
0.284340722140176
0.608009965882767
0.604332195514217
0.560835335247968
0.547375349689398
0.545535307122478
0.546136887913728
0.593884764978864
0.628607706456318
0.619421385176038
0.24378341350897
0.235987962222232
0.58900232880158
0.245015587813578
0.578545236236546
0.245881093460743
0.235053148559655
0.548524342696537
0.554732027925778
2.77241363928114
2.77241363928114
0.160654404144396
0.143987816842701
0.140397021844497
0.0856114632140888
0.145928306761898
0.284876075210977
0.59617835464534
0.605190814986747
0.0861714677872494
0.292179342973479
0.265408342825422
0.528815786544354
0.221222918553302
0.257103328697369
0.285491635472966
0.295178667921089
0.312629177796447
0.300290556972154
0.32017250404852
0.282627866202849
0.287957382803504
0.321209087827508
0.0749942292368175
0.187564669267361
0.215114100280096
0.225481537968903
0.566955615454463
0.600710596219622
0.29743776562204
0.145702134637538
0.581551005060119
0.249324753952807
0.581736396262352
0.587075529307743
0.59271344201302
0.59880739064832
0.511638440507275
0.0999975989601025
0.181824387492633
0.144142585652091
0.17760180300337
0.185161771484588
0.263049498290662
0.123766199740141
0.343112471424413
0.318279837210427
0.286893681677513
0.220401228652537
0.291281181302866
0.234788005992975
0.227383161650603
0.232202852909011
0.224947166961005
0.238234760947503
0.386779490186492
0.575438809397067
0.575012334128863
0.601727195001809
0.561401327188239
0.570773663930021
0.592612374083393
0.601040207292754
0.599490778750732
0.607634388414072
0.261711412389028
0.574811832690182
0.576538289394067
0.587957815012699
0.196581212202914
0.226507308458531
0.209156911591334
0.241421835611482
0.26889227482488
0.231418411471771
0.283162611644069
0.559854148332331
0.251075843067361
0.262808134305348
0.234224737770246
0.275389036907888
0.30107089757133
0.276682406089531
0.207633904815451
0.596696562825138
0.276079987794826
0.267876819437227
0.234158079697234
0.227466493319828
0.244133308922197
0.592223787054949
0.299552367109137
0.227038935993981
0.170622879645357
0.294643439337894
0.216594245544456
0.235202804810478
0.176252359071613
0.136372293483376
0.59029465894108
0.291643976282849
0.585422535001213
0.128268018150816
0.261941823228198
0.0991235565948888
0.272564031997165
0.103914165833724
0.57350551988116
0.569908076878814
0.576585011767859
0.581297023880449
0.579095533740165
0.151943358529627
0.156689350388275
0.191463117851896
0.112472260126308
0.244099421079623
0.162347967717471
0.244338847256949
0.608402511193548
2.81712218181464
2.81712218181464
0.571922982223472
0.573545348831892
0.266757553396366
0.196089417539847
0.203543895583715
2.77241363928114
0.438871114848475
0.280272473913337
0.214752236751732
0.136907737463401
0.617474447459131
0.60951584189693
0.602371240182864
0.179499452364539
0.315171213569464
0.284487452359419
0.620003904013419
0.208897357948604
0.194990102380811
0.190570399861384
0.194751827334557
0.18984565902941
0.581111387553431
0.158285026803123
0.277232558476825
0.579684789057878
0.570628377316482
0.56556176263922
0.562741736025702
0.56770443616041
0.560216332177619
0.555407361566843
0.543225610074255
0.545359697612286
0.525479118427633
2.77241363928114
0.0902397606257539
0.218314320881787
0.2073473825846
0.289928319620017
0.606779442036579
0.605041526989517
0.270979661944472
0.269525667263929
0.255801939645539
0.242495449579692
0.285407932249827
0.167495689210814
0.572532087769814
0.578586627989701
0.13158644097697
0.109691986293997
0.149926375534299
0.12391175049192
0.244054858861598
0.574284869577689
0.5659880554636
0.275509343499493
0.60060494828318
0.233771786386277
0.588672296546556
0.154758897527908
0.249857965055689
0.01
0.559595808581694
0.297055341287834
0.293441640985606
0.557916754992357
0.182439473309627
0.139733101131294
0.221087036276657
0.196929873374527
0.208842470941232
0.596670809174699
0.21951918236012
0.607453796955502
0.581442109270055
0.194318356098369
0.274658808072773
0.591728473240079
0.565992372231965
0.562295083865212
0.282944020340733
0.269482015754659
0.27873043499081
0.25585900405028
0.595636445272333
0.243148231026755
0.257559146024251
0.269029029178194
0.246962470113115
0.288911296198326
0.287251331372928
0.185544830112026
0.297743945469958
0.313252029497501
0.284167786712548
0.582183125279689
0.15788799828161
0.23449195153248
0.258049011965943
0.182555646554742
0.597779564347443
0.250717625802786
0.272562161583027
0.290511803617415
0.282691146689288
0.210344755760645
0.595134353641765
0.21068106341812
0.249926186774311
0.582685860792028
0.244269419883146
0.228061275958454
0.221219948357832
0.579484101510478
0.578829622485604
0.222353225508293
0.189160150599176
0.0783123374264279
0.224209113553491
0.592452710753523
0.609667140034489
0.572058773614772
0.214436710456964
0.560573225047653
0.580542808804002
0.262249814642524
0.183386431962441
0.578395737790331
0.575731695929921
0.586996209499406
0.283494102631426
0.296035846551699
0.282549734262694
0.294457752524833
0.569016684719087
0.276737465196846
0.584052131401595
0.595119214000078
0.578753665622709
0.13631641706733
0.38758423930601
0.266345163704517
0.255258737269926
0.571564158950998
0.278335418499013
0.256690065345354
0.592154324610254
0.590233696661327
0.576598021832171
0.570455777252886
0.572170346680811
0.572098048908693
0.568383989304345
0.5722533333212
0.287796335525615
0.563745252586072
0.296731458043018
0.245250270785367
0.538236978086712
0.570305896417293
0.245361629561779
0.596865791752883
0.586372748176598
2.77241363928114
2.77241363928114
2.77241363928114
2.77241363928114
2.77241363928114
0.133805135090635
0.156924366562465
0.0397605785534275
0.207862380970622
0.190804643441579
0.147177948634585
2.77241363928114
0.0760047540921371
2.77241363928114
0.303094578110034
0.267421651240714
2.77241363928114
2.77241363928114
0.169963937038823
0.283378865545202
0.587540908374848
0.216685272061952
0.233540639248342
2.81712218181464
0.236855169171066
0.416491570594534
0.575354193617373
0.162899447821619
0.324683219903169
2.77241363928114
2.77241363928114
2.77241363928114
2.77241363928114
0.564391820093324
2.81712218181464
0.561317146533224
0.558729322903159
0.124593804263732
0.609084249813754
0.611662114536444
2.77241363928114
0.124288061423455
0.299496208234272
0.27857378541186
0.614176201934718
0.253306553072096
0.559299097176778
0.559863895430697
0.555442606384505
0.287106571205952
0.600978736335365
0.568473587774656
0.566975598816844
0.504526142988027
2.81712218181464
0.307490950035038
0.275611983221307
0.590573972379383
0.234279239397352
0.546228338653415
0.201323956228209
0.195081514611571
0.133431302354822
2.77241363928114
2.77241363928114
0.133701064444387
0.255782833820972
0.262461406123564
2.77241363928114
2.77241363928114
0.29483524170502
0.298976359867044
0.541115396833525
0.127011361737203
0.0585914412218503
0.527156717768003
0.524495402725655
0.233282316735781
0.25663735982371
0.539739716530525
0.274738801135573
0.133990527515737
2.77241363928114
2.81712218181464
2.77241363928114
0.0843616561324696
0.0960321437501039
0.557118567689951
0.583728863767931
0.299667726762352
0.289531851018011
0.270092924946886
2.81712218181464
0.596107439536599
2.77241363928114
0.588296038906426
0.59671958161272
2.77241363928114
0.244282454421544
0.632007989327791
0.615721320158947
0.153123440070318
0.15175128243197
0.223745261588214
0.615563616064052
0.606318692673606
0.556558657152375
0.565935168698618
0.553699381512103
0.277303435142672
0.267622568012094
0.260680165617815
2.81712218181464
0.573812045989473
0.594185848797924
0.146443141113458
0.294392386098084
0.556846700314549
2.81712218181464
0.296705930296586
0.296424084841091
0.305798866849548
0.571818745210925
0.573317495107706
0.56029300263094
0.521761826774971
0.0953786690441512
0.282991669117201
0.211781904285466
0.612820179688394
0.304713668008708
0.661472249613636
0.246989153571786
0.01
0.563831200806607
2.77241363928114
0.558005757091086
0.259605986435163
0.539577974722425
0.519640105887003
0.529920099743837
0.546232528498665
0.0854347696892364
0.165011325495633
0.229850144340453
0.569562444313468
0.236976350618453
0.558521835905089
0.293957243951761
2.77241363928114
0.114359039843621
0.298891419880002
0.147575320665258
0.580897899294097
0.588820703672903
0.236889510527425
0.278657415465231
0.270478989704518
0.27052498617882
0.592517849872619
2.77241363928114
0.291745346038526
0.526963061249754
0.236698547873359
0.569664947947397
0.610846786892374
0.321502874721626
0.582727069066294
0.425042740528743
0.261222182201831
0.261835228694668
0.559930789879256
0.334399548911819
2.81712218181464
0.243612772716941
2.81712218181464
2.77241363928114
0.122217782218278
0.564999058819616
2.77241363928114
0.281684211560561
0.200254426282683
0.176173391623626
2.77241363928114
0.104939072073667
0.306405066733687
0.162080829199294
0.606240321152931
2.77241363928114
0.523493077882374
0.444197084269416
0.100719609268906
0.140652383088152
0.168576177814971
0.239795773974818
0.276067022280105
0.610117586808865
0.247567652287519
0.251928969676317
0.629665674162963
0.124020495401584
0.575948662802622
0.282399299244225
0.550783272634439
0.533510424297017
2.77241363928114
0.524417517448615
0.544280131523693
0.563096215501316
0.538948021086478
0.559348168131356
0.563377651170207
0.556172550484436
0.567335340266444
0.542229363962445
0.240127391104101
0.266114053267549
0.616803754049734
2.77241363928114
0.135558833870272
0.594780481760484
0.637374400763452
2.77241363928114
0.303699054116135
0.586141033354704
0.579583365180833
0.596908025423921
0.59880293340165
0.593208361678312
0.288391961879424
0.206600727801723
0.257398682707774
0.307936960168585
0.314663850081166
0.629076249091266
0.569388859763931
0.597145598200578
0.627774214793144
0.624344190457429
0.263405578400727
0.521300009801135
0.562931343105371
2.77241363928114
0.0428822389637117
0.29037084717142
2.77241363928114
0.592992529785747
0.58158853146655
0.521892333361237
0.306092838191528
0.585649083713771
0.239030625183766
0.144035166442287
0.102822392449901
0.606109431832657
0.595164585501624
0.528525286565098
2.77241363928114
0.162310602611763
0.136346603006622
2.77241363928114
0.55396804473601
0.572981216198414
0.604982212562891
0.588956842650923
0.608954798035253
0.551695174118614
0.54469699904636
0.12666551038663
0.597448510719094
0.606244988586927
0.272489402859006
0.280765449239058
0.590969420345961
0.126775804292745
0.0901016949043435
0.549667981331642
2.81712218181464
0.545298616484792
0.566456701980264
0.236407632647347
0.567839944931227
0.570447965381863
2.81712218181464
0.537554682060657
0.234646762744488
0.261285153821547
0.57587003119579
0.545304317982137
0.608065412258543
0.543195695694783
0.611787366949257
0.611720224959939
0.546330824613733
0.584290609877213
2.77241363928114
0.210624994126697
0.544168714666962
0.591443023712505
0.558817934830981
0.610642537194151
2.77241363928114
0.596137307507535
0.575521941934534
0.591418036199228
0.344349242990875
0.586831316501205
0.598188076950961
0.618984891620707
0.626979968891593
0.412198482703479
0.581774587933533
0.267058570301825
0.620692512014143
0.182298151082407
0.120895070398847
0.187432639697629
0.571676086572998
0.268333083293041
0.34790778061977
0.347968697423547
0.367786040043334
0.619758364109833
0.178246199183254
0.591162742894961
0.279253590493519
0.386162070843272
0.386999083675744
0.279557444315926
0.268414508366682
0.579992212484562
0.227256542249694
0.2226965676971
0.289926686144322
0.357749522368885
0.307084776387378
0.207248511326725
0.291867353554861
0.594470792728057
0.261110235861174
0.572140555356196
0.231273560375178
0.367363936968269
0.570656623597816
0.57829693030633
0.280777523071578
0.201914381127785
0.281752594768003
0.171775770575099
0.29662018954789
0.287107609826752
0.59419194195639
0.301326357244334
0.590868631632269
0.0803211207117736
0.180839935616667
0.251794276705503
0.399947905981646
0.235928489845838
0.220776478149139
0.225035730778867
0.241526541163713
0.292965918740875
0.211957632164427
0.294672617554949
0.168010731427416
0.564324351978045
0.56399681300664
0.20488416555614
0.273740629492664
0.376227644153636
0.588054718571475
0.583047798240326
0.01
0.26169614140887
0.583003723907252
0.236913161329731
0.293351487470414
0.128550268500091
0.15389675006495
0.140203788955591
0.569198310892831
0.609434343924043
0.197857387915271
0.307819264541811
0.603514630886876
0.574470985106464
0.568827095554308
0.232508159547573
0.153551271135274
0.589676872697258
0.195785418010099
0.267906858456882
0.564815394108518
0.292421909096337
0.19146325278805
0.206931613608689
0.247413237878356
0.282031860716361
0.249835794068419
0.23124783209766
0.124219640683962
0.594324654637502
0.2837291943809
2.77241363928114
0.598497718813786
0.268652324612341
0.237333311019034
0.572400962144589
0.568743131841795
0.116846444497507
0.275296002022373
0.158447218265062
0.55260122138991
0.573898073767485
0.609794738184067
0.242946750112066
0.251231407241774
0.236528662523589
0.269374777783889
0.280136313033127
0.338730231697434
0.319451827544897
0.265045937196854
0.305326476113296
0.593504853347948
2.77241363928114
0.106856653484723
0.01
2.81712218181464
0.081590862354535
0.575935070965444
0.263370510215836
0.28216162309267
0.250681298137114
0.24469330926464
0.595671503702106
0.242164197356736
2.77241363928114
0.328485923189769
0.212723474587171
0.182231581979622
0.213582424281896
0.177009107940945
0.264132634214522
0.332542782393737
0.268904057005764
0.256116267208787
0.600685718074659
0.0536724605829495
0.250520305117278
0.295582655546401
0.284132394919223
0.643084015463163
0.606850466995425
0.579190289812167
2.77241363928114
0.25588333740754
0.331081620688807
2.77241363928114
0.615744861680405
0.209854548663575
0.5136562151673
0.198524417932672
0.282149446658257
0.248503339255717
0.204038205327488
0.322406368487088
0.161086536972626
0.253355253133275
0.399145226689899
0.260838815513964
0.275994460646283
0.61303810657409
0.593605170260758
0.597001892597159
0.260667534307439
0.577645286413886
0.266580019414468
0.272092253799835
0.270186515241386
0.25245103347009
0.568088992279176
2.77241363928114
0.242402771047817
2.77241363928114
0.603186840126865
0.546905060936896
0.242170936966072
0.568814964661792
0.56489606712157
0.247955843442414
0.278721991324723
0.26832112834837
0.574080451354039
0.57728007994371
0.221609468608333
0.0999933001190468
0.288041836875605
0.588677477666702
0.594519261227694
0.285324371884421
0.329234972520337
0.257970173680515
2.77241363928114
0.5555814219273
0.244562643109855
0.275603682554901
0.291150417013344
0.270920734943056
0.103137685406743
0.575845865741083
0.26654921011052
0.173012522275644
0.205252912465797
0.581467438865196
0.27397556751271
2.77241363928114
0.197535875148891
0.589274042002936
2.77241363928114
0.599567325065099
0.211136869134613
0.578751833024963
0.250722209263706
0.54450936703739
0.23822843167791
0.574910125091306
0.205489897955515
0.282595467668761
2.77241363928114
0.327496788588012
0.43109895929589
0.0546439532972123
0.55731849763606
0.575565460218368
0.303040112457675
0.25447567956845
0.287368476567921
0.264996869650584
0.371259721117747
0.565502206386121
0.587201924024817
2.81712218181464
0.153471015642911
0.233203782672419
0.0916173348206041
0.291403172824933
0.269666327284716
0.608461256759923
0.573354692193638
0.235908963516062
0.254186637647595
0.316866201602325
0.190257985273588
0.294301669863261
0.606668538791514
0.595643982659133
0.278746320631316
0.559075173720987
0.269201198608412
0.305901861080963
0.615047125518925
0.245136696291221
0.2304366287759
0.317145425592422
0.213230975215675
0.571521698389971
0.5709130781028
0.221485544088986
0.560472774308809
