2437
0
0
-1.08205419666956
-1.09451995199954
-1.11210886367153
-1.09472004605316
-1.11819358473456
-1.08059094315658
-1.06820030838777
-1.03619109183146
-0.996314580822766
-0.955794044398207
-0.92115239202223
-0.872126955539165
-0.867270229444915
-0.813085695298436
-0.828484889294033
-0.721270478173322
-0.67724234159158
-0.548663369435201
-0.482290302567174
-0.395055256670144
-0.327823188093963
-0.282098039864209
-1.08010678226802
-0.24690782784936
-0.225646453576637
-0.190370433172651
-0.176474595168252
-0.163306672232655
-0.179324873249345
-0.120326968594813
-0.128078390362049
-0.0806240273186638
-0.0385854547012223
-0.0279732387829787
-0.00347369458643263
-0.0218388311461499
-0.0089608872644183
0.00311268352236688
-0.00784253666861964
0.0080369084726833
0.0229342908513943
0.0291043418295526
0.0132104036424298
0.0203668409591184
0.0201680257631886
0.0303725002078367
0.00153342509655252
0.0182898214603438
0.0222910828650647
0.034335170830997
0.0265047565615676
0.025886529107956
-1.09856373427803
0.00855895332247422
0.00679463243382266
0.00927939204570417
0.0184152287576468
0.0171959200603098
0.0181730788911671
0.015216094984933
0.0401843233834899
0.0194311790937421
0.0227823147871678
0.0260683570032758
0.0200420788906742
-0.242733836230314
0.0194768300274721
0.0136703990626317
0.0397593316287368
-0.0176798050116939
-0.353519384762723
-0.117582076804286
-0.0709644614620302
-0.0544964174294515
-0.0383292360534152
-0.0485368167026801
-0.0238743421738864
-0.0391785113376907
-0.0100174655087364
-0.0203169403762469
0.00246032245204451
0.000768072076049736
-0.00818666602438328
-0.0199521092401634
-0.0317700753252914
0
0
0
0
0
-0.0234384524281824
0
0.00197671295720126
-0.0312415216578546
-0.0193290673564953
-0.0698302374439179
-0.043994264813845
-0.107736291869539
-0.11872732630291
-0.205739978930622
-0.226513974449206
-0.154821055997394
-0.271630487294432
-0.302815338011391
-0.209865665759258
-0.447159671614309
-0.404964809397937
-0.659744780617464
-0.509631770232781
-0.739095939335193
-0.511632315775167
-0.650688081791664
-0.452453831906813
-0.580118773846011
-0.40711794709725
-0.515146326477243
-0.341348799663082
-0.491582729691878
-0.345304142322039
-0.232098756719413
-0.240845434330345
-0.161554148467457
-0.167459544864511
-0.484405886758139
-0.116205062821004
-0.123199907278257
-0.0749717601688389
-0.105551039979239
-0.0380052396909124
-0.0868014700573758
-0.0396941700005125
-0.0575491954786878
-0.0874800954152874
-0.0127080733302428
0.0115274609671132
-0.0431704099475666
0.0491086272088876
-0.751578406657792
0.00817715330622017
0.041881355517761
0.0831017323459004
-0.280679958260914
-0.299720893879431
-0.265685050825033
0
-0.0403813505045098
-0.00659780717279759
0.0545343597927176
0.064489925543539
0.147415758919578
0.13667144194651
0.192511658379778
0.164485839300819
0.163642402740038
0.135994271019899
0.107791202622301
0.0635186257698875
0.0319781056796556
0.13549324908127
-0.271480820392012
0
0
0
-0.306809178593638
-0.287968286288223
-0.261499087264362
-0.26077484893312
-0.243145313850855
-0.24361783099102
-0.226252688836058
-0.226455037940977
-0.213122962620524
-0.215167617236978
-0.241705964285665
-0.199881236621366
-0.20828521910092
0
0.0503335412437292
-0.188991980470244
-0.199360963359574
0.0195410964561993
0.0567809922493251
-0.18368267464292
-0.184303793176784
-0.229350514145091
-0.589205508017653
-0.58253364919505
-0.625285859503966
-0.581639711608864
-0.600745764483878
-0.555017410630798
-0.55678968662465
-0.51009864233994
-0.514518148652963
-0.465224685637259
-0.488806196355212
-0.445852210437777
-0.433865211268062
-0.405413177610046
-0.439873695249558
-0.391306479864517
-0.369582934405767
0.0174158784266835
0.0112538618007215
-0.347112261677185
-0.328820209108589
-0.296513505010574
-0.285224403187673
-0.18536218474635
-0.188397509455232
-0.248706310992022
-0.245422305084973
-0.246108729072967
-0.0203680983378993
-0.213045185111091
-0.227517302771588
0.0310527044381331
-0.235122585257294
-0.253756716943422
-0.853789338268011
-0.262754165373215
-0.27849072571273
0.0817974906679797
0.0589587111631699
0.0270061449830122
0.0163706121341056
0.0683475646724371
0.0389376849172813
0.0705496882789473
0.0392393497344458
0.025588286276698
0.0242614779047521
0.0380433039540822
0.0442700846529296
-0.294099600376769
-0.294781641216912
-0.271700891089979
-0.279562336249716
-0.279370348466212
-0.27331176374623
-0.268489193118134
-0.269891903016676
-0.261023481283122
-0.264893281280316
-0.2746511726999
-0.270775706704937
-0.263453669900691
-0.270274810851072
-0.272526943390142
-0.270074814443276
0
0
0
-0.263537372371724
0
0
-0.238331382959991
-0.233028396706948
-0.202550453722398
-0.169409700755731
-0.184926149857747
-0.147070422671334
-0.168502963952078
-0.13100900873435
-0.149284765509431
-0.127089078380029
-0.138884581387404
-0.122727621623132
-0.136723122203776
-0.115885165580554
-0.185687084405144
-0.123380887702131
-0.10052881770625
-0.102528868251951
-0.0826224240975867
-0.135712211853537
0
-0.106272195280029
-0.157023012406855
-0.117676919083001
-0.125595713522029
-0.191280434475712
-0.137857180310595
-0.190009311628078
-0.134913113355539
-0.0687664654969677
-0.171536264057871
-0.135844330509908
-0.177555162938976
-0.142861893685374
-0.178472264132463
-0.160349896198734
-0.120824416864177
-0.240345030012841
-0.223395139686839
-0.225623602271126
-0.293541500370005
-0.286948624322228
-0.342723511086412
-0.283822471772996
-0.353474816873268
-0.392260874600973
-0.40458672344117
-0.429751293270203
-0.441984144634029
-0.460288012591082
-0.471937541925297
-0.483030084054867
-0.490781346269516
-0.496191760578563
-0.506859973656006
-0.508606073366215
-0.521004916202196
-0.518388107532978
-0.534184921492788
0
-0.558646921460306
0
0
0
0
-0.45737334038646
-0.537176122254196
-0.00526398819029768
-0.570567755811754
0
-0.176890222582147
-0.164461038282961
0.00470650265338195
0.0254377762038871
-0.42964023009778
-0.482229763809381
-0.181688208371151
-0.495728143863786
-0.24301738222463
-0.218767550750903
-0.00480079943515917
-0.142466692511959
-0.0793085010823065
-0.272925432460125
-0.268304119958145
-0.0232368746277436
0.0192982682815365
0.0911524522725639
0.143038651739014
0.230551709288903
0.246584840622833
-0.000191467955567564
0.251336414980301
0.272560144812256
-0.30025717108177
0.0123878765776524
0.0181410383101419
0
-0.411969859726378
0.00424140515416165
-0.0385696949887622
0.0310327492499902
0.0250118415830628
-0.409756677438908
-0.420246560746083
0.000728549531230366
0.0303314201662783
0
0.0491583048883902
0.169709875745015
0.158996223853875
-0.21416797929957
-0.272682737457064
-0.111942268884259
-0.363444633196466
-0.360792693131503
-0.260692283792641
-0.256891110403447
-0.133394209231519
-0.108204987850606
-0.274085280154571
-0.253088669993145
-0.390147960262454
-0.311400451080353
-0.482932439426206
-0.436040900303007
-0.614072528661009
-0.570304837710458
-0.655200153760196
-0.495962469688283
-0.311307544504297
-0.295425375314096
-0.461174273353547
-0.0593560870736877
0
-0.0792185718488969
0.0629969062303928
0.0507747494373368
0
-0.148998028128002
0.0331576807993623
0.0552184784820277
0.0653956083991983
0.12745346867832
0.0556029204613212
0.0200116248153247
-0.0111010618507333
-0.0288221843921615
-0.0953743394460207
-0.11563612280085
-0.165395217213836
-0.0859668143712088
-0.169750199079102
-0.288812744550637
-0.222563718665589
-0.224056346255525
-0.315453288499602
-0.546843518452463
-0.0573478629117005
-0.284492579237868
0
-0.238021180718147
-1.02153714788336
-0.294898823819046
-0.285525719303301
-0.295265882315272
-0.286749805759654
-0.29490681892759
-0.282722765874556
-0.291268407978365
-0.281856555033486
-0.288432855615169
-0.280615305885088
-0.288600143409936
0
0
0
0
-0.311029316151622
-0.0142499643502964
-0.27632760322359
-0.279345283636391
0
-0.335269913149506
-0.241474492384122
-0.24117221644964
-0.260200113395971
-0.22722403443661
-0.246303163359085
-0.207833266998715
-0.17718125092101
-0.175331190446532
-0.131040687726081
-0.296919594222787
-0.229972239384881
-0.536502962102168
0.0571225288044552
0.0338802698849399
0.0806360015983441
-0.144590408764029
-0.100941085885184
-0.328879035193983
-0.342319972569172
-0.345923378627138
0.0126312615273522
0.194509909854979
-0.0915618383268468
-0.0788678103351468
-0.0915130390722098
-0.0790367356917553
-0.0941677366821214
-0.0827946270207239
-0.0926800074488828
-0.0725269755369144
-0.0842153808412914
-0.0613567807998669
-0.0575176769600841
-0.0565082485398995
-0.0518349829237638
-0.0556027824734241
-0.0815347384219411
-0.042595562493664
-0.0173278408888779
-0.0102981033775724
0.00580287275007642
-0.0388248945172425
-0.1029485372695
-0.115366714242618
-0.1334340008282
-0.150235799864223
-0.168557828552152
-0.184427866472145
-0.204139463496919
-0.219911532196319
-0.239795042157923
-0.249355321419275
-0.26476489755385
-0.270311156821273
-0.257764778135901
-0.279774495814007
-0.289382814545164
-0.302464192743579
-0.308358428796898
-0.319962073798705
-0.278664752960084
-0.264616479375013
-0.287255174830335
0
-0.261080634025449
0
0
0
0
-0.300738061504245
0
-0.22227447541603
0
-0.264600147488921
-0.262878698255272
-0.256802909338332
-0.352287068753119
-0.362270425090499
-0.179465353479316
-0.125661984200783
-0.603707283431842
-0.276720680496415
-0.304718513281519
-0.0671419117953828
0.00511995304594555
-0.00456615167108842
-0.0175428386233927
-0.0575700961281296
-0.214734188808347
-0.111006422499417
-0.398800576932218
-0.40292358132746
-0.164799034864552
-0.613942194873074
0
-0.572242059605301
-0.53068909264241
-0.0558993508143071
-0.0613783793610551
-0.222269088939437
-0.00304079640444606
-0.209607334627651
-0.255445543161549
0.0562490801505918
-0.00726638765694928
-0.0267899288387239
-0.0173707412326625
-0.632187245046753
0.0702930874631416
0.0157013181869511
0.0763548721314885
-0.448263877497601
0.00848214513862397
0.0677452715210534
-0.175231110456375
-0.452574000846716
-0.438949248845184
-0.414689315023778
0.0238063294803979
-0.265077385313592
-0.27051197390768
-0.271408474745972
-0.053702063975983
-0.0420242209495726
-0.0484262836536101
0.0162239949093121
-0.0233064209342985
0.00727333976511908
0.0128383868441836
-0.00781212601875732
-0.00811203354709832
0.00818682502417196
0.00308706632725944
-0.100459343890898
-0.0623599556976839
-0.11579016452157
-0.0679160863841593
-0.359602808238277
-0.368238992092075
-0.292955784453377
-0.293818583483
-0.0837773498840525
-0.234958757956874
-0.0487017397548012
-0.0465399664077603
0.0327472076397065
-0.0197533475918328
0.0321400917932008
-0.216917378422468
-0.0632132376176081
-0.0362649629338727
0.014739070628314
0.0125394660584143
-0.469881088189027
-0.385150832567187
0.0137581635921072
0.00527045693676335
-0.26275344223946
-0.225459206828152
-0.269079020403728
-0.170070507882959
-0.222183791075652
-0.0326353915745512
-0.00158233416229794
0.0095893135970071
0.0112527313580592
0.0188720951971408
-0.339411537212369
-0.0452206396916069
-0.0495224488381312
-0.0565298214039224
-0.0499261312293861
-0.0662859147031029
-0.0872022599626651
-0.0985780226061547
-0.0785756644996349
-0.104595865791339
-0.0843349009014909
-0.106384248720291
0.0180054665258821
0.0129097068438442
0.00382159851611511
0.00161255138250569
-0.00805651171079639
-0.0882718281351473
-0.108599276019399
0.0404579703239309
-0.276126121157749
-0.0627045286888644
-0.162574972152778
-0.145684099575509
-0.245313758354222
-0.249379268975783
-0.355918829432902
-0.376805653153831
-0.466301432961196
0
-0.506900413847671
0
0
0
-0.223534538500771
0.0392249859712586
-0.108057138617659
-0.0719890638866816
-0.0685658880046713
-0.222668485756737
-0.264277151006002
-0.2074720481814
-0.23315102636587
-0.205610443511979
-0.287509455109404
-0.262624298315511
-0.310127326698239
-0.275966634748
-0.290351320893098
-0.272304095867975
-0.312025677060906
-0.357363612853103
-0.379446397798538
-0.435270906070203
-0.446445994275961
-0.478128169112858
-0.47620345496576
-0.508046529933457
-0.511995293256963
-0.539888552736457
-0.545256940741362
-0.578424845212038
-0.538002943527234
-0.580634945784598
-0.614699619222828
-0.613963381675688
-0.6479295751033
-0.649564947971856
0
0
0
-0.55488233501804
0.0659370493789322
0.0680920705960975
0.000789630977067225
-0.0687773645506713
-0.14576463982362
0.0141907770881206
-0.00882689853992738
0.0226136940331879
-0.00780598325315846
-0.261041854016506
-0.27948233510572
-0.297823703988206
-0.294932234532507
-0.31990839357304
-0.308337436553647
-0.285283369757618
-0.30232384291575
-0.279966329150362
-0.286928387991336
-0.300977046021265
-0.280185485626043
-0.152618556126196
0.0303324376115151
-0.00114294313225976
-0.033423560375485
-0.270358887563376
-0.268271040583034
-0.274860879358946
-0.265438680033508
-0.270561523621803
-0.0909171885083075
0.0182431799046405
-0.0488749637918845
0.0114159658743905
-0.535610555964119
-0.417371898638952
-0.191853675037529
0.0343935853128442
0.0222081714901773
0.00277723008625203
0.0205089994977716
0.00927495253725703
0
0
0
0
0
0.00385358334266871
-0.126222495039604
-0.274434359928477
-0.435572744348046
-0.34221256423544
0.02765465445816
0.0247927342341046
0.00294511554958402
0.0387999129197144
0.0105336071994481
0.0171252491570048
0.0144483123542419
0.0401871341484168
-0.305728907003943
-0.271968783298304
0
-0.277699073123746
-0.0888225432571626
-0.113363644371037
-0.200536677892739
0.00229967557200831
0.0154821696831481
-0.00811634866958766
-0.296947762465924
-0.263728783788475
-0.430023198469638
-0.142147266878691
-0.151737717483021
0.0187551432047848
0
-0.588970907857226
0
0
-0.579141853920371
0
0
0.0194385246007105
0.0250920604494189
0.0223621054412606
-0.0645993221372807
-0.0429000224681063
-0.020901587614895
-0.00716689683087793
-0.198647856435004
-0.328967287421412
-0.322630424137261
-0.170206915692754
-0.238409040942941
-0.0999047279410803
-0.0759268670513819
-0.167764340794742
-0.248689226789831
-0.0542425808757553
0.018900609472882
-0.00240268982708215
0.0318413307551229
-0.722130406087691
-0.0674212547963819
0.018234246507346
0.00123016711770401
-0.259114820083021
-0.245661153648395
-0.0762123256474105
-0.0101929629278481
-0.00669458125277326
-0.0707019239597696
0.0223864849481203
0.0223139097782199
-0.253299458667896
-0.13667296409472
-0.168462486924211
-0.096760248144044
-0.17098449019984
-0.0541155912040543
-0.0570186252343156
-0.00749650182752471
0.0264153268517569
0.0420544792122005
0.0138811877253812
0.00990363085626556
0.0122251067167675
0.0419835554420485
0.0330145048189811
0.012125313742654
-0.269042251925
0
0
0
-0.391225525139258
-0.4071015661
-0.428432450485684
-0.422684978398004
-0.383581937594965
-0.388865913565266
-0.351970388735951
-0.437220922038708
0
-0.449587383798917
-0.291253989645936
0
-0.259333102227069
-0.272423889856081
-0.225188789339532
-0.259007650994683
0
-0.42854120159487
-0.0747558620376017
0
0.339189679676901
-0.281207533925
0.140462300245913
-0.196352812671893
-0.186903170769481
-0.309449791246136
-0.506712798122072
-0.727356120369729
-0.181472598270981
0
-0.493188321459006
-0.313219991915336
-0.317301132214871
-0.11101433390877
-0.204865330431234
-0.525034265414509
-0.382196618177868
-0.143882447023533
-0.36187982692247
-0.49529438741142
-0.174093050089418
0
-0.25095267756874
-0.318679387035542
0.0920477298578757
-0.442992099549764
-0.240055459007497
-0.242952576944579
-0.243906763015728
-0.345925811595471
-0.314606924667093
-0.224786504694363
0.0117777666459443
-0.0413476825749659
-0.121122823065012
-0.143935508427166
0
-0.58496581198208
-0.32591095168394
0
-0.404345935989976
-0.498880382189809
-0.494698755795925
0.0108502568593966
-0.39849593202568
-1.01722736160555
-0.245434829270507
0.000781626631039279
0.029298765122814
-0.123768499065688
-0.152007480288687
-0.258241539046639
-0.251088938108459
-0.250089703723347
-0.246805230658139
-0.248109277281536
-0.238788254023373
-0.23981481132334
-0.247634035032289
-0.259103645365124
-0.280867680262961
-0.299584014138491
-0.282579362250759
-0.332818114606628
-0.348716793517446
-0.381046557041133
-0.365201006861952
-0.386729474217817
-0.0959224296634736
0.00254906586568598
-0.0305613350146186
-0.316071841806838
-0.3131512594191
-0.303988272722375
-0.296010690676142
0
-0.278874572353515
0.0282493660116489
-0.270003037792583
-0.230481243931573
0.0395442165704881
-0.186176465743925
-0.0407050743984307
-0.408010168066264
-0.360095133727659
0.00953994332489327
-0.321913677755678
-0.308218255436166
-0.00689183017585281
0.0295423815937253
-0.100461378879018
-0.0144002563073457
-0.431294586310679
0.0351914121144641
-0.329724073069608
-0.314794920688069
-0.356347581071501
0
0.0207911344268571
-0.254620753063352
-0.283130579913281
-0.498891325509162
-0.888826448279427
-0.0308006382257823
0.157788198118314
-0.246430092656604
-0.198678033035398
-0.179951254050017
-0.17820261008478
-0.19627655938593
-0.180572983754365
-0.198193631104351
-0.186524911616878
-0.202841819560506
-0.191417848653913
-0.206535574068825
-0.195579284270713
-0.209094234013765
-0.220418347789284
-0.222029912641093
-0.221772219475276
-0.229451686825929
-0.235849988602927
-0.241902736015709
-0.251571498749457
-0.258866175610263
0
0
-0.250111560441889
-0.158318139855314
0.0319530381831069
0.00667739307495256
-0.0739635848136072
-0.613199759912018
0.0011978938074925
-0.00537514994823678
0.019660531320889
-0.0544635833290773
-0.37647910959918
-0.201450718582233
-0.0147198932772602
-0.37582495778377
-0.17531037166634
-0.271383485380068
-0.221236884585528
-0.44093870265959
-0.429609423612083
-0.0101105971660602
0.0406795907624669
-0.0287050896405267
0.0237082984067704
-0.324682794981414
-0.230614156369751
0.0245424379573886
-0.449620272758824
-0.231968864414659
-0.16477095644565
-0.147743487710061
-0.227460227856539
-0.201636496570017
-0.0449986414952682
-0.0835607311177411
0.0305925914792604
-0.0683344199584356
-0.104189585475256
-0.309741377467797
-0.279073008221298
-0.269972681964348
-0.295108460117124
-0.283031907387005
-0.175822361644365
-0.247615001477941
-0.267385136230978
0.0244846882904462
0
0
-0.283755664686495
0
-0.295118845628864
0
0.0388593320399179
-0.189075575529418
0.0301071388956457
-0.26905255947232
-0.233775087398472
-0.0216781512657491
-0.204238171261142
-0.240310163268111
-0.0790757377893079
-0.078888256571781
-0.12252240967021
-0.122348961799509
-0.0720070878935208
-0.126210318059522
-0.225663023055645
0
0
-0.128679564255709
-0.237488616075757
-0.316629838916641
0.0474365681726988
-0.152096687493547
-0.330127313586251
-0.240241796470793
-0.0599458201305661
-0.0778850075243658
-0.0883853539217786
-0.0445036626056433
-0.146325751372539
-0.399969522531461
-0.335789367053234
-0.439356659455383
0.00527647806534207
-0.0198167659704919
-0.319141612496752
-0.394123255128388
0
-0.186947841186583
-0.00397186100515893
0.0127821418527338
-0.383524652355549
-0.395324488684735
-0.00196174609802275
0
0.0223273170872673
-0.271125236434486
-0.27080805174191
0.0409755287747045
-0.186355461200569
-0.214735727946419
-0.232882095740192
-0.265623592967672
0.00173126561771349
-0.173151320561183
-0.351369165699367
0.0327586291628511
0.00173213592645171
-0.279505850234443
-0.29352244393422
0.0397795298904928
0.0147262104355238
-0.471510209200875
-0.242610421527667
0
0.00146161872133644
-0.276098109630916
-0.253757240939163
-0.232255379590721
0
-0.489672387509355
-0.470861155424256
-0.416104735316263
-0.388443174559726
-0.340836997303972
-0.443068270517703
0.524071595280326
0
-0.248259730378323
0
-0.270372621686002
-0.233034468857329
-0.226905422661978
-0.192955466143316
0.0157128671781955
-0.0149673534962906
-0.148008949413058
-0.0390369256760403
-0.298981394455202
0.0317349010478408
0
-0.239112002526306
-0.0866542833521971
-0.143806035040855
-0.179236074057735
-0.14789103625637
-0.3205240114379
-0.245466348794594
-0.24337409626394
-0.270999310579625
-0.125592519066811
-0.0558477099966204
0.00887000705711906
-0.165299890048687
-0.162733600398382
-0.500934419695436
-0.51511918879926
-0.645434579793471
-0.23494749398269
-0.0982619455565614
-0.262345808666018
-0.204090992044794
-0.276582533948012
-0.024036311939003
-0.144550699446784
-0.361229389456832
-0.187612324267255
-0.166666845951535
-0.248193901482079
-0.131654349550754
0.01554133329361
-0.287049802882115
0.0082785071045733
-0.465058303243147
-0.451843505046948
-0.484844319235427
-0.475276328854249
-0.504493932134288
-0.492283064479569
-0.52062052059472
-0.465306853361744
-0.535526572951245
-0.549661806775547
-0.567505051567662
-0.576446664794297
-0.594329339533379
-0.601553385851376
-0.618582142915316
-0.628827196284917
-0.0970402469718855
-0.481876802485252
-0.450885165923884
-0.451733854596392
-0.27918033529184
0
-0.288687765066035
-0.256281009756854
-0.233076011177092
0
0
-0.864615202807592
-0.898615327937951
-0.824806976931416
-0.875511646571107
-0.780644659547599
-0.842395335536605
-0.736302045558019
-0.804341407864905
-0.697826620212102
-0.77237127320169
-0.686084301616149
-0.156118026765573
-0.135356819585304
-0.131601752792364
-0.140815310519831
-0.118008280607948
-0.118552595412981
-0.288084462877222
-0.485358868067066
-0.653452347113176
-0.711630578831321
-0.235833175103396
-0.217193131110288
-0.221364729986543
0.0423966904490631
-0.0987850136352948
-0.127742237310352
-0.124916003378005
-0.370094651509505
-0.130423416882678
-0.0889835304981857
0
-0.21729861627004
-0.293707688267231
-0.249473205468037
-0.291544266835847
-0.230328960009325
-0.311798402078377
-0.217132958581541
-0.288420467258948
-0.458595908859728
-0.465141466212779
-0.387178447473489
-0.465949975202582
-0.0657301656701356
-0.10990225415193
-0.198150887938421
-0.33810892093119
-0.324527290796925
-0.214666074033176
-0.2140793134884
-0.205745534860779
0
0
-0.275912700700033
-0.304983798636139
0.0179303484422793
-0.0234136133858879
-0.945397559019062
-0.272921306937401
-0.300964493628362
-0.212821123558231
0
-0.236079237985259
-0.147045664066754
-0.0668204699009515
-0.909526447885657
0
0
-0.996558235143174
-1.07514175536694
-1.06427865585806
-1.06935903093885
-1.04800108292164
0
-1.00476887463579
-1.00045063718721
-0.930260819482794
-0.947077425221033
-0.854962130342022
-0.877769081591633
-0.769905802120153
-0.814949343835292
-0.69320091394152
-0.753731708396938
-0.630868205352516
-0.7273752307155
0
-0.70525259679887
-0.567073489811187
-0.466957807073945
0
-0.908200646359617
-0.957001122537176
-0.658069708767463
-0.864557013516964
-0.415102895616046
-0.291098597442448
0
-0.247585041027243
-0.403462012183944
-0.960398580475625
-0.856728588121409
-0.897020746092736
-0.396828930816392
-0.233451435068106
-0.347577140218306
-0.770637872274186
-0.737548285931991
-0.592597951049016
-0.53369618600462
0
-0.0665974252072482
-0.397853638463665
-0.417366408507802
-0.0623590519531406
-0.234751528096756
-0.0442993724715141
0
-0.639194845099783
-0.842970194219847
-0.800768780971571
-0.723519892016085
-0.819471482430451
-0.157693489959192
-0.194190826234244
-0.188941480279993
0.00615877365599192
-0.179574049067206
-0.245905970974897
-0.036286400173455
0.180777170345953
-0.233837824473815
-0.144585441681347
-0.146066240025308
-0.0341898775634192
-0.217128660162801
-0.568209241117739
-0.186845888047061
-0.126089474525699
-0.266469421774471
-0.585570592849306
-0.0938389134390567
-0.00158227487628475
-0.436030032444713
-0.103891470945142
-0.184790327877369
-0.190185450574662
-0.319537922736269
-0.280037426009271
-0.104893541861775
-0.0721784839202955
-0.415326522930519
-0.156454668815347
-0.109958258714902
-0.0976702189638815
-0.120837177307362
-0.0642899388673143
-0.0726980618954512
-0.0419133560908276
-0.126550027678362
-0.462840967712884
-0.18075734299013
-0.249710022001121
0.000905216549203974
-0.336838591583462
-0.270836185645701
-0.0494161032259191
-0.187149368261485
-0.310483211874744
-0.0437884102507274
-0.292086551385089
-0.300505653681975
-0.043489475292645
0.00657841413132712
-0.148232139890852
-0.170195694046813
-0.407954595859855
-0.240846210677322
-0.195364673869449
0.0130289218250615
-0.199448268562023
-0.184836268494377
-0.0969102218287349
-0.0667862930336805
-0.083137991405483
-0.0652468641740422
-0.0512158029547343
-0.0456403612175246
-0.277603924467386
-0.200280883853695
-0.204260293297642
-0.82784084271026
-0.756845917089277
-0.205557654593729
-0.232242568012441
-0.193218222924487
0.0293977329521676
0.00461126940143013
-0.0284945636104502
-0.274197553651556
-0.153915415262301
0
0
0
0
-0.296863362456814
0
0
-0.122826792148234
-0.331120423167351
-0.323491589816994
-0.33307592755347
-0.380500705501908
-0.338789694805615
-0.358527618434358
-0.318583745729878
-0.318822771701295
0
-0.20479790015276
-0.295172536934114
-0.787582181285307
-0.120548657113573
0
-0.200907160617963
-0.332653881717543
-0.395064228356783
-0.269953644658847
-0.451460361496355
-0.260797193944294
0
-0.214916742170668
0.0467256229563602
0
0
0.125018499528442
0.0765628528207982
0.19237111634161
-0.210546368374942
-0.205274209440728
-0.205264984077328
-0.216699809861953
-0.17267342003151
-0.0895078887114889
-0.203198906182565
-0.0971377341278578
-0.198250232115111
-0.066364588702872
0
-0.425213086257739
-0.729549913763403
-0.86198890958306
-0.231763570014321
-0.311107129318293
-0.00548336459883843
-0.200346513907781
-0.0644508333017835
-0.366131303068616
-0.323000358099743
-0.0533078378810976
-0.606464862364701
-0.917210844845263
-0.245733586600954
-0.215415327070181
-0.199229473703202
-0.255762080963831
-0.258986386413247
-0.582564716331851
-0.681630476535725
0.0468303518456741
0
-0.31396496408029
0
-0.108699687256888
-0.0986432439592006
-0.244293956731293
-0.133563087884824
-0.230971926884698
-0.232689615193793
-0.306526477635913
-0.208618477775768
-0.0386186493051826
-0.253569896986736
-0.217083279053479
-0.553655314474695
-0.526119086749658
-0.260979692775125
-0.222970717592756
-0.222335084020948
0
-0.468199164379349
-0.143518455237001
-0.260587062810048
-0.654026558631402
-0.709777076763186
-0.623691211826361
-0.671329843040751
-0.583664227595525
-0.629280709906244
-0.292838572087481
-0.11735934842471
-0.169040599028449
-0.564301068544325
-0.339407918026183
-0.247311812133917
-0.189338869302335
-0.0691273711580927
-0.124936121130713
-0.140106573370654
-0.0451389513148885
-0.0362588058527556
-0.015360521282698
-0.0143494219682456
0.00876238575102
0.0314658328922359
0.0142776724248102
-0.0648700226106576
-0.451756091825596
-0.062143691655017
-0.0120609547536611
-0.254818745226126
-0.416375808063937
-0.277780524016603
-0.155641531452638
-0.238934202719266
-0.216915683126967
-0.0662306256770157
-0.10712185988392
-0.264511373090602
-0.315610594219317
-0.298990537029025
-0.251404108511708
-0.191384384199087
-0.746741337856734
-0.134232641966847
-0.197884001994835
-0.044496217044329
-0.039546360740465
-0.0430269628556767
-0.0452853094942277
-0.488460538736325
-0.206590701552214
-0.622938601209248
-0.70268230097933
-0.275929263233618
-0.42778774786171
-0.734698247458104
-0.0960406364913801
-0.448343063422263
-0.423222241946886
-0.271039055998437
-0.586032234679038
0
-0.109718418137507
-0.184452203434197
-0.469743864378206
-0.434079654605251
-0.218678768243567
-0.0715415087796688
-0.0873628507321042
-0.105088432237591
-0.717097571207632
-0.220545168449705
-0.254000301212753
-0.153535351568182
-0.186786982240392
-0.562236157974831
0
-0.172156594669579
-0.253728453002016
-0.290343804526346
-0.330344780179858
-0.306615278498862
-0.375379822501062
-0.159708161762255
-0.115524583318857
-0.212700287444972
-0.5996803249037
-0.495203506226338
-0.280665289279985
-0.134124578895045
-0.218335647418132
-0.275179829573078
0
-0.252049572102879
-0.245131208474462
-0.245549589557595
0
0
-0.942151785739712
0
-0.265170249598788
-0.435638216069013
-0.468255524433758
-0.475017087480635
-0.259561496632302
-0.31836586359406
0.0675585964854823
0.198968770272827
0.365024874331408
0.402935772487996
-0.148702543057191
-0.317930556045366
-0.291483929829902
-0.130735502867616
-0.242639924332988
-0.216844359296285
-0.272780733011976
-0.0632349222334397
-0.0699491340442196
-0.267631634810982
-0.267609001054996
-0.264410662515949
0
0
-0.15031237857647
-0.137045898763848
-0.0550451611170624
-0.0448263567468501
-0.231203853631731
-0.428298399885238
-0.51797439559849
-0.0264784733102949
-0.0105800511579847
-0.372354664878758
-0.312268166562354
-0.19296215031332
-0.0621518981476818
-0.113997828138189
-0.25408602770548
-0.27185218782212
-0.241268664313115
-0.297057683364188
-0.27361737024723
-0.304197183067778
-0.331026703092301
-0.214014025026337
-0.0551330832735099
-0.0320266174714997
-0.0414930393392285
-0.0312512290232284
-0.254191555573768
-0.0226398772132266
-0.503086544828261
-0.286541496134625
-0.620791200445544
-0.226716314672871
-0.0947180600746611
-0.159605851127573
-0.133242846155981
-0.194055292515732
-0.277749751765926
-0.115742610087034
-0.0425716224607616
-0.0534220658013042
0.0247052181031502
-0.340812795258806
-0.181134351279093
-0.0413029301234747
-0.77334030021171
-0.241731956926008
-0.37708433478424
-0.198491317157825
-0.470098107915788
-0.124427543124721
-0.0937332566460502
-0.118129231454954
-0.0927123887789053
-0.0670868193711947
-0.457993902354716
-0.185100345139243
-0.184324953653431
-0.0295947584946077
-0.260316769072177
-0.954471973690703
-0.250300511460133
-0.244627845483405
-0.239674154810151
-0.227575124146443
-0.292781514325233
-0.522013366288064
-0.484614838317245
-0.0640026901491547
-0.272399680734889
-0.11798816919183
-0.184408176384443
-0.255933795215968
-0.271101735044901
-0.300787248434638
-0.242756847718007
-0.24897591812701
-0.0429495868562646
-0.0335476852825425
-0.0167387550584275
-0.0223084298616132
-0.0362503150393
-0.0267196216087004
-0.149969511377615
-0.102326589892313
-0.25766806881567
-0.249733726495621
-0.260709865106163
-0.249367781953812
-0.268049253081703
-0.633881500853802
-0.450528837622132
-0.113903523909627
-0.220961961356353
-0.0253831924642399
-0.0623099298713614
-0.088285795026498
-0.0614001467875473
-0.000673354007762555
-0.733018531269142
-0.382958686153538
-0.80097256701068
-0.0847809049042839
-0.097153935122279
-0.0193647250587764
-0.33871289976389
-0.0969088486872443
-0.90596604024699
-0.94702173630507
-0.87593985580489
-0.607624017797369
-0.477502561868688
-0.24811170157481
-0.0368492688298978
-0.166381739657988
-0.115971741135118
-0.0824157476510877
-0.256425166457137
-0.0656559955389519
0.112089866604661
0
0
-1.01680913337035
-1.04505106235851
-0.309319165919932
-0.2102048069072
-0.233632061818106
0
-0.390327332359104
-0.357851875926921
-0.120281210491871
-0.2330926299571
0.16395582779385
0.0675622808933343
-0.734405387037503
-0.0472097717882411
-0.198602552731474
-0.40022656152039
0.152386108879457
-0.212484147593048
-0.176780183460203
-0.0661770559158046
-0.0572019550672775
-0.200395297682754
-0.902311192870938
0
-0.14974487798585
0.0604462109656838
0.122989605414146
0.0236980737271748
0.176441664131906
0.192037719987184
0.133059775927251
0.0527047023909468
0.0148602282791578
0.0758136828424497
0
0
-0.285383191023368
-0.202555919771116
-0.125779982654535
-0.389775203293924
-0.171066400323143
-0.286444393446756
-0.279613975273655
-0.296010286983646
-0.310167910364591
-0.276163137460584
-0.493922469160699
-0.0695474883361848
-0.281194061242136
0
-0.212299248063944
-0.232104992017184
-0.256731413554844
-0.272978815804276
-0.0717611805167209
-0.442174317129875
-0.390933870831988
-0.331189686401959
-0.0892233702029127
-0.146763533213045
0.129706955108331
0
-0.0899593613073115
-0.559335161579745
-0.266663607019332
-0.440009011959148
-0.387637854548076
-0.270543194317439
-0.156310426096564
-0.216496750462548
-0.240071497570291
-0.18409324443611
-0.0441860190317597
-0.762701524603858
-0.247798043856311
0.044197985212759
-0.260371535700613
-0.263091340252231
-0.105742697118058
-0.449475892125275
-0.278276934841161
-0.278663546790591
-0.483948977339591
-0.231945983528353
-0.374770452495427
-0.120996441082298
0.0851849978868556
-0.217173316854453
-0.224623222548411
-0.236129131311677
-0.209472561291967
-0.425498628359329
-0.39294651223388
-0.176492415770799
-0.210510959593592
-0.203027628381196
-0.446535214390947
-0.251378219254487
-0.373223673218675
-0.0495032114121866
-0.0876597282391168
0
0.00202653177141126
-0.303514934957865
-0.30814585424382
-0.656680313759863
-0.485183084140406
-0.119499448716386
-0.503464104643022
-0.068089671774624
-0.285875770783485
-0.840422815339298
-0.317819314528356
-0.285230783449759
-0.273092442384622
-0.577901263077757
-0.534143344281466
-0.342855773755747
-0.218275167468838
-0.166651128908633
-0.104024860221871
-0.534987967523798
-0.353946087226716
-0.271693477950973
-0.133797800161838
-0.268873538913637
-0.017393943779586
-0.216187933900752
-0.162130480084521
-0.80901531341039
-0.571939937047011
0.136868198393654
-0.262676048532159
-0.261960882547692
-0.24714653803093
-0.254297941679574
-0.256298539221505
-0.279447524253704
-0.25361981554715
-0.125471110617378
-0.542378938047733
-0.128330934807374
-0.604196423742455
-0.273339245813429
-0.267881019042588
-0.957677467165948
-0.118348405573135
-0.134236428685902
-0.55768914656374
-0.265933402232782
-0.956700828811691
-0.881219492068416
-0.62665502875475
-0.593044854217897
-0.655642325866678
-0.605519683650181
-0.243743328911049
-1.05117733420667
-0.188586031329915
-0.324137992062013
-0.0921966847259407
-0.986325985410412
-0.335797259364417
-0.418095236745367
-0.460850799532789
0
0
0
0
0
-0.20400003801239
0
-0.196868746382376
-0.209787963686704
-0.199770614321617
-0.229719050160427
0
0
0
0
0
0
0
-0.338705374732905
-0.126297676132404
-0.297547205955636
-0.235113910018378
0
0
0
-0.463236466048128
-0.058437384394686
-0.277694853673605
-0.113265513670688
0
0
0
0
0
0
-1.03666704055229
0
0
-0.193502579800733
-0.195512330758385
0
0
-0.455138167458162
-0.106517933697144
-0.193930834117215
-0.102409074007426
-0.934383120545628
-0.9821207944899
-1.00028493399133
-0.170248735135586
-0.248842238657185
-1.06983038514082
-1.01853954147869
0
0
-0.292454089796913
-0.154529949580082
-0.342246530064785
-0.306555095578119
-0.290963556759827
-0.315495105178633
-0.303832588288592
-0.332946958362178
0
0
-0.31826136437869
-0.269334876662305
-0.24088164996989
0
0
-0.401162728035791
-0.258062308318548
0.460403888347907
-0.223815802949859
-0.220762891265375
-0.608629429396488
0
-0.583248727784726
-0.564673805126603
-0.571453244488462
-0.309954273438108
-0.580328902798765
0
0
0
0
0
-0.699516584904804
-0.281772603887408
-0.265787605306098
-0.28243913592963
-0.30356049447672
0
-0.503905001595407
0
-0.356270992992691
0
0
-0.720592769692119
-0.305225658305284
-0.358637587711068
-0.135230086890018
-0.14336528356205
-0.113107442254528
-0.274136756482167
-0.340017320999642
-0.51144585607947
-0.495766824189876
-0.548627000170763
-0.318857161661585
-0.279609204309839
-0.2577237596314
0
-0.975386519402785
-0.363517579545064
0
-0.421583145031687
-0.0935418346974644
0
-0.164884976289956
-0.210799514125872
-0.253253510501889
0.0843367940073737
-0.0246776063136597
-0.533678738886984
0
-0.558382758610178
-0.553463321933646
-0.0616114627186476
-0.181110112351575
-0.291916952172783
-0.317031818439264
-0.292805047652175
0
-1.09978261013816
0
-0.0105498901068054
-0.265862062487392
-0.0788318918858484
0
-0.644055446638057
-0.610383005892285
0
-0.39779794780053
-0.361671346897135
-1.02395338735513
-0.273594623830181
-0.886555912055999
-0.269865628705843
0
0
-0.424788386932942
-0.214480636887112
-0.823574968300633
-0.681905043155036
-0.291940868078892
-0.304220510546457
-0.51618890115955
-0.529525018696367
-0.0678183846879229
0
-0.177814402732741
-0.612981486731849
-0.0692719787242395
-0.950786640278814
-0.217491977117342
-0.314377710596297
0.0829327127844279
0
-0.313512100840825
-0.313577623607706
-0.229945507309806
-0.202942280051725
0
-0.847337990638834
0
0
-0.0443784897647329
-0.436198860055455
0
-0.280057786924943
-0.327718448456317
0
0
0
-0.243227108253515
-0.197891780649421
-0.248826774681439
0
0
-0.397407593193259
-0.19747010179888
-0.164415271649388
0
-0.449976567976281
-0.50685585131574
-0.19342462815516
-0.505180464862222
-0.490886379933544
-0.697405561792214
0
-0.77957700545506
-0.328584928855531
-0.0972398142391409
-0.21414445199631
0
-0.316420283992578
-0.254179215372167
-0.189723995599524
-0.608405521091957
-1.06857270385375
-1.0113176026373
-0.321872730781702
-0.164258213076718
0.236609537152072
-0.230655546911776
-0.115636683416464
-0.433451043408894
0
-0.374804441304103
-0.48148885903745
0
0
-0.141244703631898
-0.00416968716419284
-0.0306879796097074
-0.338492104584768
-0.281805137710963
-0.263361053197667
-0.297291622517488
-0.315316985254675
-0.308594800580637
-0.256159286136037
-0.327727395928697
-0.199768397926246
-1.00848116979803
-0.45433448303394
-0.227462498455483
-0.262869464515152
-0.290730114803874
-0.484796130624571
0
0
-0.243373294913185
-0.280077015755774
0
-0.230466882466739
-0.216144126767251
0
-0.242472253719386
-0.274867800542019
-0.558537676580812
-0.159106969211318
-0.193116588121746
-0.424197811275532
-0.420117697042854
-0.443924340417292
0
0
0
0
-0.169506331519767
-0.911209130621631
-0.230947513218745
-0.265182135021111
-0.205214608364574
-0.585988673365838
0.0479673498811621
-0.384004580956713
-0.364219642206358
-0.2027013040204
-0.242240457527253
-0.261202616221258
0
-0.358463665860652
-0.366985951985122
0.177834375486061
0
0.255475819927905
-0.381172340491697
-0.458117020649284
-0.493082709057674
0
0
-0.786963290354379
0
-0.478147416474687
-0.481112840672961
0.0909139006109622
-0.295501921391615
0.547151937043373
-0.248529003152873
-0.218640325881449
0.138571546203656
-0.424639011030386
0
0
0.38956342133743
-0.3038027907666
0.0235154858858444
-0.202842270971793
-0.357853164002377
-0.413502875253592
-0.0866282916657933
-0.209724059006148
0
-0.215553878598705
-0.367200255748481
-0.738738685752253
-0.307928949783291
0
-0.800990408800614
-0.2138092364603
-0.291158354290489
-0.327899142756379
-0.345015583036508
-0.102270634203792
-0.584695186040824
-0.559583372091935
-0.644270742195616
-0.689021193613272
-0.654092374450331
-0.305807168691172
-0.233726718932294
-0.229476476875358
-0.236109171077008
-0.570394341200652
-0.528783775358214
-0.0895059941252994
-0.0626778824785676
-0.487407087777639
-0.00686946601920772
-0.361957995109707
-0.0486056159751731
-0.53282009171041
-0.444694400754294
-0.209410719606685
-0.519830386618735
-0.192233758926118
-0.0160768697727458
-0.907183263806424
-0.106572480738562
-0.400874915824268
-0.985792917791748
-0.274857186600758
-0.0757709430992225
-0.159074160920911
-0.507135221819045
-0.187340626411695
-0.404537385122836
-0.470604338467649
-0.191894596348007
-0.611824547356109
-0.252109374814442
-0.14266216336781
-0.275725831990514
-0.359600187451561
-0.508683447067346
-0.179906097297255
-0.18466560735765
-0.241342353329913
-0.0548577118929521
-0.420751407252068
-0.0849931589851916
-0.396918563248075
-0.215370152773691
-0.71371354831461
-0.743256392946637
-0.0780100741611827
-0.308641234506729
-0.542069645040742
-0.168093416947785
-0.52265648549087
0
-0.2367149261375
-0.580675050391362
-0.0428967848964651
-0.207276918058884
-0.246829500802838
-0.258058264917173
-0.273042907021554
-0.248093554369203
-0.754275655763847
-0.278574397225825
-0.281061335550614
-0.228298373994555
-0.564954974234263
0.188997887614233
-0.200459839536784
-0.169855759071036
-0.647127801616851
-0.274019037343562
-0.261123969868943
-0.262555793914152
-0.182514149214245
-0.252546706857789
-0.355615023621916
-0.252135840405064
-0.00777885698671135
-0.0958699636241724
-0.242001633830471
-0.231569369409118
0.0204000980206514
-0.570195725354485
0
-0.250249160454039
-0.2999037711941
-0.361506648903814
-0.612710462415842
-0.647346623292638
-0.160927000747457
-0.32969585786923
0
-0.268070293586876
-0.539392861857276
-0.263837723446637
-0.12520944714793
-0.276922755452108
-0.238032678920983
-0.262543858326722
-0.268182554637639
-0.662181313459391
-0.569873966493836
-0.312508576630146
-0.276584006519309
-0.595305864971987
0
-0.158923375620664
0
0
0
-0.512392076801027
-0.301838497713385
-0.412465574308743
-0.281247514115026
-0.127147570121205
-0.540047292219375
-0.0498916316716592
0
-0.689517809842002
-0.0728578380919581
0
-0.177114842631689
-0.30054976888929
-0.627566884411346
-0.0409016629244823
-0.324958917205716
-0.315704612230701
-0.405862174693338
-0.572789840767666
-0.188044698213289
-0.26160931909812
-0.478292741944182
-0.310989817975648
-0.223609545449468
-0.535484062994787
0
-0.111702818516679
-0.0220492910593493
0
-0.208538942166238
-0.141208093503338
-0.641525066348809
-0.0210463707776007
-0.0135661198474659
-0.0205623007066546
-0.0324115982689072
-0.401829723973523
-0.264533237031755
-0.0454906393649662
-0.490106442447798
-0.0963706459608468
-0.519929374289592
-0.30976707383171
-0.539380043454985
-0.450919612592835
-0.152859015424542
-0.0959557379125483
-0.219418923744879
-0.199317496056403
-0.230855216031175
-0.296193302969288
-0.987902153849335
0
-0.316484514834285
-0.549507465772412
-0.277459637884168
0.0758348293627691
-0.746915487664441
-0.243961428323652
-0.251084612701696
-0.0413829670937377
-0.283137181466663
-0.302375832523525
0.0160465121645603
0.0180463790013599
-0.190791852895472
-0.370932574222331
-0.457750251899523
-0.225075417727207
0.07807082817909
0.0419327389284451
-0.738313710926169
-0.00954093757319189
0
-0.268518691747834
-0.117866148518348
-0.306050501747907
-0.367488336435696
-0.543032773892106
0
-0.00868827525241739
-0.225239204201972
0
0
-0.791358573326155
-0.112589156633466
0
-0.131962272375378
-0.246529668756113
0
-0.353429695277065
-0.211426156191694
0.0577562279139794
-0.0516764042995777
0
-0.108572058729146
-0.490206268039932
-0.215670644969352
-0.564131837244243
0
-0.430145876122789
-0.349089236827123
0
-1.03697673199667
0
-0.27431495525256
-0.247782606119262
-0.355543355263199
-0.306431855963744
-0.484245407092326
-0.962136635662085
-0.0734802150181664
0
-0.282713817197768
-0.41848810268305
-0.281174064443943
-0.316526663908442
-0.483482886636661
-0.208995731830942
0.163978206898733
-0.284823285973862
-0.555335631536195
-0.387935265147776
-0.134145418104643
-0.457583276131322
-0.0922630514023177
-0.0695685129176178
-0.314118664117141
-1.05788017543567
-0.0525461443735298
-0.16753485633515
-0.244871325440624
-0.107613139311669
-0.0270275666325311
-0.216400387661807
-0.0488797991812703
-0.973424795916374
-0.95426447001197
-0.266169075934587
-0.26776731607583
