2437
16
17
18
19
20
21
22
23
24
25
26
27
28
29
30
31
32
33
34
35
36
37
38
39
40
41
42
43
44
45
46
47
48
49
50
51
52
53
54
55
56
57
58
59
60
61
62
63
64
65
66
67
68
69
70
71
72
73
74
75
76
77
78
79
80
81
82
83
84
85
86
87
88
90
91
92
93
94
95
96
97
98
99
100
101
102
103
104
105
106
108
110
125
126
128
129
130
131
132
133
134
135
136
137
138
139
140
141
142
143
144
145
146
147
148
149
150
151
152
153
154
155
156
157
158
159
160
161
162
163
164
165
166
167
168
169
170
171
172
173
175
176
177
178
180
182
188
189
190
191
192
193
194
195
196
197
198
199
200
201
212
213
231
232
233
234
235
236
237
238
239
240
241
242
243
244
245
246
248
249
250
251
252
254
255
256
257
258
259
260
261
262
263
264
265
266
267
268
269
271
272
273
274
275
276
278
279
280
281
282
283
284
285
286
287
288
289
290
291
292
293
294
295
296
297
298
299
300
301
302
303
304
305
306
307
308
309
310
311
312
313
314
315
316
317
318
319
320
321
322
323
324
333
335
336
337
348
349
350
351
352
353
354
355
356
357
358
359
360
361
362
363
364
366
367
368
369
370
371
372
373
374
375
376
377
378
379
380
381
382
384
385
386
387
388
389
392
393
394
395
396
397
398
399
400
401
402
403
404
405
406
407
408
409
410
411
412
413
414
415
416
417
418
422
427
432
433
434
436
437
438
439
440
441
443
451
452
453
456
457
458
459
460
461
462
463
464
465
466
467
468
469
470
471
472
473
474
475
478
480
481
482
483
484
485
486
487
488
489
490
491
492
495
496
497
498
499
503
504
505
506
507
508
509
510
511
512
513
514
515
516
517
519
521
523
524
526
527
528
533
534
535
536
537
538
539
540
541
542
543
544
545
546
547
548
552
553
555
558
559
560
563
564
565
566
567
568
569
570
571
572
573
574
575
576
582
583
584
585
587
589
590
591
592
593
594
595
596
597
598
599
600
601
602
603
604
605
606
607
608
609
610
611
612
613
614
615
616
617
618
619
620
621
622
623
624
625
626
627
628
629
630
631
632
633
634
635
636
637
638
639
640
641
642
643
644
645
646
647
648
649
650
651
652
653
654
655
656
657
658
659
661
671
672
673
675
676
677
678
679
680
681
682
683
685
686
687
688
689
690
691
692
693
694
695
696
697
698
700
708
709
710
713
714
715
716
717
718
719
720
721
722
723
724
725
726
727
728
729
730
731
735
736
737
738
739
740
741
742
743
744
745
746
747
748
749
750
751
752
753
754
755
756
769
770
771
772
773
774
775
776
782
783
784
785
786
787
788
789
791
792
793
794
795
796
797
798
799
800
801
802
803
804
805
806
807
808
809
810
811
812
813
814
815
816
817
818
819
820
822
823
824
825
826
827
828
829
830
831
832
833
834
836
837
838
839
840
841
842
843
844
845
846
847
848
849
850
851
852
853
854
855
856
857
858
859
860
861
862
863
864
865
866
867
868
869
870
871
872
876
887
890
891
892
893
894
895
896
897
898
901
902
903
904
905
906
907
908
909
910
911
912
913
914
915
916
917
918
919
920
921
922
923
924
925
926
927
928
929
930
931
932
933
936
938
939
940
941
942
943
944
945
946
947
948
949
950
951
952
955
956
957
958
959
963
966
967
968
969
970
971
972
973
974
975
976
977
978
979
980
981
982
983
1000
1001
1002
1003
1004
1005
1006
1007
1009
1010
1011
1012
1013
1014
1016
1017
1018
1019
1020
1021
1022
1024
1025
1026
1027
1028
1031
1032
1033
1034
1035
1036
1037
1038
1039
1040
1041
1043
1045
1046
1047
1048
1049
1050
1051
1052
1053
1054
1056
1057
1077
1078
1079
1080
1081
1082
1083
1084
1085
1086
1087
1089
1091
1097
1098
1099
1100
1101
1102
1103
1104
1114
1115
1116
1117
1118
1119
1120
1121
1122
1123
1124
1126
1128
1129
1130
1131
1136
1140
1143
1144
1145
1146
1147
1149
1152
1154
1155
1156
1157
1158
1163
1167
1168
1170
1171
1172
1173
1174
1175
1179
1182
1184
1185
1187
1188
1189
1190
1191
1192
1193
1194
1195
1196
1197
1198
1199
1200
1201
1202
1203
1204
1205
1206
1207
1208
1209
1210
1211
1212
1213
1214
1215
1216
1217
1218
1219
1220
1221
1222
1223
1224
1225
1226
1227
1228
1229
1230
1231
1232
1233
1234
1235
1236
1237
1238
1243
1244
1245
1246
1250
1251
1252
1253
1254
1255
1257
1258
1259
1261
1262
1263
1264
1265
1266
1267
1268
1269
1270
1271
1272
1273
1274
1275
1276
1277
1278
1279
1280
1281
1282
1283
1286
1293
1294
1295
1297
1298
1299
1300
1301
1302
1303
1305
1306
1307
1308
1309
1310
1311
1314
1315
1316
1317
1319
1320
1321
1322
1323
1325
1327
1329
1330
1331
1332
1335
1336
1337
1339
1340
1341
1342
1343
1344
1345
1347
1348
1349
1350
1351
1360
1361
1362
1363
1365
1366
1367
1368
1369
1370
1371
1372
1373
1374
1375
1376
1377
1378
1380
1381
1382
1384
1387
1388
1389
1390
1391
1394
1395
1396
1397
1398
1400
1401
1402
1404
1405
1406
1411
1412
1413
1414
1416
1417
1418
1419
1420
1422
1423
1424
1425
1426
1427
1428
1429
1433
1434
1435
1436
1437
1439
1440
1441
1442
1443
1444
1445
1446
1447
1448
1449
1460
1467
1468
1469
1470
1471
1472
1473
1478
1479
1480
1481
1482
1483
1484
1485
1486
1487
1491
1501
1502
1503
1504
1505
1506
1508
1509
1510
1511
1512
1513
1514
1517
1521
1523
1524
1525
1526
1528
1532
1535
1536
1537
1538
1539
1542
1543
1545
1546
1547
1549
1550
1551
1553
1555
1556
1557
1558
1559
1560
1561
1562
1563
1564
1565
1566
1567
1568
1569
1570
1571
1572
1573
1576
1577
1578
1579
1580
1581
1594
1595
1596
1597
1598
1599
1600
1601
1602
1603
1604
1605
1606
1607
1608
1609
1610
1611
1612
1613
1614
1615
1616
1617
1618
1619
1621
1622
1623
1624
1625
1630
1631
1632
1633
1634
1635
1636
1637
1638
1639
1642
1643
1644
1645
1646
1648
1649
1650
1651
1652
1653
1654
1655
1656
1657
1663
1664
1665
1666
1667
1668
1669
1670
1672
1673
1674
1676
1679
1690
1691
1692
1693
1694
1695
1696
1697
1698
1699
1700
1701
1702
1703
1704
1705
1706
1707
1708
1709
1710
1711
1712
1713
1716
1717
1718
1719
1720
1721
1722
1723
1726
1727
1729
1730
1731
1732
1733
1734
1735
1738
1740
1741
1742
1743
1744
1745
1746
1747
1748
1749
1750
1753
1754
1755
1756
1759
1760
1761
1763
1764
1765
1766
1767
1768
1772
1773
1774
1775
1777
1778
1785
1786
1788
1789
1790
1791
1792
1793
1794
1795
1797
1798
1799
1800
1801
1802
1803
1804
1805
1806
1807
1808
1809
1810
1813
1814
1815
1816
1817
1818
1819
1820
1821
1822
1823
1824
1825
1826
1827
1829
1830
1831
1833
1834
1835
1836
1837
1838
1839
1840
1841
1842
1843
1844
1845
1846
1847
1848
1849
1850
1851
1852
1853
1854
1855
1856
1859
1862
1864
1868
1869
1870
1871
1872
1880
1881
1882
1883
1884
1887
1889
1890
1894
1895
1896
1897
1898
1904
1911
1912
1914
1915
1916
1919
1924
1925
1926
1927
1928
1934
1935
1936
1940
1942
1944
1945
1946
1948
1949
1950
1951
1955
1956
1957
1958
1959
1960
1961
1962
1963
1964
1966
1967
1968
1969
1970
1971
1972
1973
1974
1975
1978
1979
1980
1981
1982
1983
1985
1986
1987
1988
1989
1990
1991
1992
1993
1994
1996
1997
1998
2000
2001
2006
2007
2008
2009
2010
2011
2012
2013
2014
2015
2016
2017
2018
2019
2021
2022
2023
2024
2025
2026
2027
2028
2029
2030
2031
2032
2033
2034
2035
2036
2037
2038
2039
2040
2041
2042
2043
2045
2046
2047
2049
2050
2051
2052
2056
2057
2058
2059
2060
2061
2062
2063
2064
2065
2066
2067
2068
2069
2070
2073
2074
2075
2076
2077
2078
2079
2082
2083
2084
2085
2086
2087
2088
2089
2090
2091
2092
2093
2094
2095
2096
2097
2098
2099
2100
2102
2105
2106
2107
2108
2109
2110
2112
2113
2114
2115
2117
2118
2124
2125
2126
2132
2133
2134
2137
2138
2140
2141
2142
2143
2145
2146
2147
2148
2149
2150
2152
2154
2155
2156
2157
2159
2160
2161
2162
2163
2164
2165
2166
2167
2169
2170
2171
2172
2173
2174
2177
2178
2179
2180
2181
2182
2183
2184
2185
2186
2187
2188
2189
2190
2194
2195
2196
2197
2200
2201
2202
2203
2204
2205
2207
2208
2209
2210
2211
2212
2213
2219
2220
2221
2222
2223
2224
2225
2226
2227
2228
2229
2231
2232
2233
2236
2240
2241
2242
2243
2244
2245
2246
2247
2248
2254
2255
2256
2257
2258
2259
2260
2261
2262
2263
2264
2265
2266
2267
2268
2269
2270
2272
2273
2274
2275
2276
2277
2278
2280
2281
2282
2283
2284
2285
2286
2287
2288
2289
2290
2291
2292
2294
2295
2296
2297
2298
2299
2300
2301
2302
2303
2307
2308
2309
2311
2312
2322
2323
2324
2325
2326
2327
2328
2329
2331
2332
2333
2334
2338
2339
2340
2341
2343
2344
2347
2348
2349
2351
2352
2353
2354
2355
2358
2359
2360
2361
2362
2363
2364
2365
2366
2367
2368
2369
2370
2372
2373
2374
2375
2376
2377
2378
2380
2381
2382
2384
2385
2387
2389
2390
2391
2392
2393
2394
2400
2401
2402
2403
2404
2405
2406
2408
2409
2410
2411
2413
2414
2415
2417
2418
2419
2420
2421
2422
2423
2424
2425
2426
2427
2428
2430
2431
2432
2433
2436
2437
2438
2439
2440
2441
2442
2443
2444
2445
2446
2447
2448
2449
2450
2451
2452
2453
2454
2455
2456
2457
2458
2459
2460
2463
2464
2465
2466
2467
2468
2469
2470
2471
2472
2473
2474
2475
2476
2477
2478
2479
2480
2481
2482
2483
2484
2485
2486
2487
2488
2489
2490
2491
2492
2493
2494
2495
2496
2497
2498
2499
2500
2501
2502
2503
2504
2505
2506
2507
2508
2509
2511
2516
2518
2519
2526
2528
2529
2534
2536
2541
2542
2543
2544
2545
2546
2547
2548
2549
2550
2551
2552
2554
2555
2556
2559
2570
2571
2573
2577
2584
2585
2586
2593
2594
2595
2596
2598
2599
2601
2602
2604
2605
2606
2607
2608
2609
2610
2611
2612
2613
2615
2616
2618
2619
2620
2621
2622
2623
2631
2632
2634
2635
2637
2638
2639
2640
2642
2650
2651
2652
2653
2654
2656
2657
2658
2659
2660
2663
2664
2667
2676
2677
2678
2679
2681
2682
2683
2684
2685
2686
2687
2688
2692
2695
2700
2702
2707
2708
2709
2710
2711
2715
2716
2717
2718
2719
2721
2722
2723
2724
2725
2728
2729
2731
2732
2733
2739
2740
2741
2742
2743
2744
2747
2748
2749
2754
2761
2762
2763
2768
2769
2770
2771
2772
2774
2775
2776
2779
2780
2781
2783
2787
2788
2789
2790
2791
2793
2794
2795
2799
2800
2801
2803
2805
2806
2809
2810
2811
2812
2813
2814
2818
2820
2821
2822
2823
2824
2826
2827
2828
2829
2830
2831
2838
2839
2844
2846
2847
2850
2851
2854
2855
2857
2862
2865
2866
2868
2871
2872
2873
2875
2876
2879
2880
2882
2886
2887
2891
2892
2893
2894
2895
2897
2899
2900
2901
2903
2904
2905
2911
2913
2914
2915
2922
2923
2925
2926
2927
2928
2929
2930
2931
2933
2934
2935
2936
2941
2942
2943
2944
2945
2947
2948
2951
2954
2955
2956
2957
2958
2960
2963
2964
2968
2971
2972
2973
2974
2977
2980
2983
2988
2994
2995
2998
2999
3000
3001
3005
3010
3012
3013
3016
3017
3020
3021
3022
3025
3026
3028
3029
3031
3032
3034
3036
3042
3044
3053
3054
3057
3058
3060
3061
3062
3063
3073
3077
3080
3081
3083
3084
3087
3091
3092
3093
3094
3098
3099
3103
3105
3106
3107
3113
3115
3116
3117
3123
3126
3127
3128
3129
3130
3131
3132
3133
3134
3135
3137
3138
3139
3141
3142
3143
3144
3145
3146
3147
3148
3149
3150
3151
3152
3153
3154
3155
3158
3159
3160
3161
3162
3163
3164
3166
3167
3168
3169
3170
3171
3172
3173
3175
3176
3177
3178
3181
3182
3183
3184
3185
3186
3187
3188
3189
3190
3191
3192
3193
3194
3195
3196
3197
3199
3200
3201
3202
3203
3205
3206
3207
3208
3209
3211
3212
3213
3214
3215
3217
3218
3219
3220
3221
3222
3223
3224
3227
3228
3231
3232
3233
3234
3235
3236
3238
3239
3240
3241
3242
3243
3244
3245
3246
3248
3249
3250
3252
3253
3254
3255
3258
3259
3260
3261
3262
3263
3264
3266
3267
3268
3270
3271
3272
3274
3275
3276
3277
3278
3280
3281
3286
3287
3288
3289
3290
3291
3292
3293
3294
3295
3296
3297
3298
3299
3302
3304
3305
3306
3308
3309
3310
3311
3313
3314
3315
3317
3318
3319
3320
3324
3325
3326
3327
3328
3329
3330
3331
3332
3333
3334
3336
3337
3339
3342
3343
3344
3346
3347
3349
3351
3352
3353
3355
3357
3358
3360
3362
3363
3364
3365
3366
3368
3369
3370
3372
3373
3374
3375
3376
3379
3380
3381
3382
3383
3384
3385
3386
3388
3390
3391
3392
3395
3397
3400
3401
3404
3405
3406
3413
3414
3415
3416
3418
3419
3420
3421
3422
3423
3424
3425
3427
3428
3429
3430
3431
3432
3433
3434
3436
3437
3438
3439
3440
3441
3444
3445
3446
3448
3450
3451
3452
3453
3456
3458
3459
3460
3462
3463
3466
3467
3469
3470
3472
3477
3478
3480
3481
3482
3484
3485
3486
