2437
-1.34214086077456
-0.229722460961565
-1.34214086077456
-1.47522000855214
-1.39487699747764
-1.32543931565054
-1.16127405800603
-1.14494387828296
-1.08040958866883
-1.07689849977419
-1.07851732407443
-1.08245817954685
-0.987248848302626
-0.951500533938223
-0.909487793226881
-0.876068582633641
-0.832346850294041
-0.75911944240662
-0.694405337862387
-0.602527591220955
-0.527943741360585
-0.406676228422408
-0.279533015718404
-0.225409371052493
-1.55676106173586
-0.0997259607424043
-0.0631583414763502
0.00694389571957781
0.0357894295633769
0.0877178424238037
0.109023007908829
0.130071390765263
0.133827659335333
0.136349689074075
0.136257497606908
0.142152088226529
0.137912079623253
0.146308371373939
0.146082785161054
0.154282343871758
0.149041312095077
0.159017169391752
0.153364284580122
0.159356745285231
0.154987184073472
0.16091670673747
0.160546065443869
0.160441264192999
0.160467709768937
0.159066397536074
0.158827885532256
0.157780376325626
0.159041089214742
0.155143967735839
-1.25107438343079
0.154396632039702
0.149401326549325
0.149174302164097
0.134114270066545
0.144301698965139
0.141808986993269
0.130545505475807
0.131031186629571
0.117768037189814
0.114371319541088
0.110459806201753
0.109234073603875
-0.172918530254093
0.15561458834309
0.148916883278066
0.162279767582567
0.152929062475279
-0.406584811333027
0.124586743492836
0.190638330312795
0.17897121515684
0.158116855363473
0.177554882922531
0.12366236869428
0.119770020028967
0.0298563062112981
-0.00925818927381869
-0.152804410485362
-0.22011773471045
-0.359265520302196
-0.46739992140511
-0.775712354429151
-0.274376755342658
0
-0.0201587035736117
-0.00810929144072425
0
-0.0399276415252542
-0.416396290840291
0.0270762561654572
-0.00572112665338235
0.158529332175023
0.146786761684201
0.283146679323131
0.269884158070141
0.338221832518814
0.286992809217745
0.30856885915735
0.35084823168903
0.30748103488421
0.269962789861517
0.338697264153391
0.170986856245143
0.212596479193832
-0.0730809467135686
0.0761105666513902
-0.175278295270643
0.136358054411649
-0.0181785396317038
0.201059425820271
0.141142440098942
0.243607819592437
0.192451121537966
0.248097275704806
0.193343171814348
0.254849682895611
0.277234993119799
0.286480197456141
0.272667872848811
0.280558124252602
0.196997819780613
0.253211049695635
0.266908407236769
0.234923366905038
0.256370104083315
0.213105778437766
0.239186430299524
0.199623765686191
0.135577421432578
0.20700872943942
0.212885282582427
0.145741543118967
0.217119182535975
0.209703771647433
-0.809205072460529
0.161615100350033
0.21699106089288
0.197130124167865
0.234654513281757
0.246594555862627
0.285515299557887
-2.03246681979062
-2.03246681979062
-2.03246681979062
-2.15037556081602
-2.25545440325356
-2.18925134377127
-2.22395337426653
-2.12171917496724
-2.17959521423446
-2.08080929009128
-2.14282877802041
-2.04499501814172
-2.04499501814172
-1.96318935075251
-1.91251871352927
0.366053781795241
0
0
-0.149885908492437
-0.43534290967331
-0.500670022057159
-0.354806924953225
-0.379359326945684
-0.295876388782293
-0.317361402205513
-0.237190980684433
-0.258072937675562
-0.193520695808297
-0.221515565909752
-0.312408750636418
-0.147020917118448
-0.188327386387175
0
-2.33167832563064
-0.104595890871878
-0.155953295797146
0.132307210616688
0.213362064196705
-0.0553984909101508
-0.0975604411433002
-0.207956659316342
0.138727428370791
0.0938603254368614
0.0368120093874109
-0.00847131122754143
-0.0451335230066337
-0.0962613011238897
-0.173032643606083
-0.241957062433298
-0.236718773823675
-0.428886596319084
-0.309687069138772
-0.604733553157587
-0.909909180806143
-0.874747525043202
-0.985437145967381
-1.03838858008274
-1.0443435894247
0.154426252841364
0.119116180313113
-1.07768698637583
-0.948954723966172
-0.923327195707124
-0.791737802129821
0.00166121202472081
-0.0505603118422042
-0.809181099896844
-0.694983769655906
-0.917127495137627
-2.13431942452174
-0.721630286639364
-0.584720767470075
0.123293895252661
-0.623398021800224
-0.530128296636624
-0.923980667532905
-0.545961551450219
-0.452166948509931
0.184629556577941
0.196206968395454
0.174876221753387
0.172811839103379
0.175290843479232
0.17890183951101
0.166968791792216
0.167689452970209
0.169230563477788
0.164287806065129
0.158712296018113
0.152535048278494
-0.510773900337842
-0.411297939283366
-0.364566278715791
-0.320203726949556
-0.368852668133666
-0.29637507662028
-0.272064510136831
-0.258359862029833
-0.208908841708338
-0.187024438749874
-0.23364532049578
-0.161504325314538
-0.140703015585434
-0.117029593013093
-0.173710950861806
-0.113577351745545
0
-0.000663993324921557
0
-0.0931202243255015
-1.23176542224433
0
-0.709843318594321
-0.423844613082672
-0.871439986270354
-0.759087604172381
-0.774567767393506
-0.71075901855876
-0.731668650505725
-0.660514751165641
-0.642046984014685
-0.582086856473225
-0.541781139330222
-0.493455398440284
-0.406820741321448
-0.402144258126237
-0.745265911605908
-0.328522217642874
-0.30217218253579
-0.268794008386342
-0.217760389825167
-0.299948923228732
-0.126209906322446
-0.193457257265695
-0.213227652379913
-0.557828310090957
-0.119599579624771
-0.193460173123534
-0.102306428569728
-0.192244562560334
-0.112005491661669
-0.0500721169410742
-0.191780879109762
-0.122345906718002
-0.239189578174904
-0.127888460655432
-0.245821949833092
-0.158540211669837
-0.0318557271535151
-0.569026098276951
-0.338536027983889
-0.367051792982688
-0.444264615237814
-0.454088400676361
-0.539716546986299
-0.45127842065884
-0.596997259725751
-0.659542637964611
-0.690261409831715
-0.742363682979483
-0.750291272754831
-0.820034863332776
-0.837232069330867
-0.896902868075451
-0.921619429428372
-0.933956251644451
-0.946243356870495
-0.99401385768757
-1.00500813582797
-1.12718809795394
-1.07728043341803
-0.418921884270502
-1.23130305112222
0
-0.41123828196854
0
0
-0.798614704493396
-0.998236434805557
-2.16887244080139
-0.808455493445113
-0.765571790255114
0.0606393983257148
0.0359519931355488
0.156522387146861
0.158758978825323
-1.06556931965331
-1.08080359185608
-0.0414171863367055
-0.981756241512776
-1.08284885866079
-1.05121165423173
0.109565199959275
-1.01628237158277
-0.952484394986839
-0.165323271451019
-0.10603861836693
-0.921913721416016
-0.816901835199819
-0.91009279044781
-0.810642474137131
-0.917901834603378
-0.854288631962472
-0.0944523358975658
-0.953455146393146
-0.914530471962943
-0.528129361442948
0.153406473166938
0.146571825246256
-0.373049903175659
-1.20059320899386
0.149530714747744
0.140213910010223
0.150951679757645
0.149147063364893
-0.955457353236246
-1.31869932978653
0.152964195912588
0.182734082223656
-0.13767895464618
-0.726620382865358
-0.920115780232073
-0.907743838883903
-0.0382364527243916
-0.664033270864331
-1.01962523979076
-1.47133885644148
-1.34287849266446
-0.121087476208043
-0.0588019396859807
0.0950708444053379
0.085062379369477
-1.47133885644148
-1.35098906302893
-1.27387015384678
-1.31984901071396
-1.33412825300038
-1.40082100730666
-1.32943409790898
-1.40881820661095
-1.42061170333971
-1.52436144429074
-1.47264982762873
-1.47264982762873
-1.58550499100348
-1.59061584625796
-1.59061584625796
0.218651973315448
0.148108355777328
0.155197894927959
-2.35161959322717
-1.44343542280141
0.156820157641445
-0.840841952821309
-0.816180667013468
-0.854652806167085
-0.797373222118618
-0.788307499732995
-0.727782442846154
-0.667434690904054
-0.628851330436597
-0.565589531142892
-0.483625988926596
-0.727577153928331
-0.432909242358375
-0.194276695592105
-0.380346716748717
-0.348692770728471
-1.47133885644148
-1.15500341199534
-0.374003703714877
0.523291567788671
0
-0.936841901852065
-1.09817527617728
0.481983220828382
0.446032335024458
0.37335187468863
0.276024080193196
0.217382480508574
0.0590910077117539
0.0437613083167365
-0.110923823559227
-0.156031878294524
-0.356038376106354
-0.415343486443427
-0.659708535837949
-0.461459052201153
-0.0873704492675838
-2.35161959322717
-2.35161959322717
0.129379687149602
0.288730583047013
-0.605239072364279
-2.50523772289098
-2.50523772289098
-0.0861641212233398
-0.00959244505262639
-0.0135297033065653
0.037223507770885
0.0546031812614582
0.0995999094469581
0.0875782198714305
0.137307285245492
0.126858591430255
0.0217957521754979
0.106220307801488
0.01364021356236
0.151809747144459
0.155279819731833
0.15776756795346
0.152401131497456
0.136642553197673
-2.50523772289098
-2.65500175949112
-2.57300886466235
0.134692416075352
-0.967795357852275
-0.28792370644987
-0.17788341660053
-0.211243027820983
-0.129523606438242
-0.150460929232325
-0.0900993703304777
-0.105327514106853
-0.0237093301444341
-0.0466113906869589
0.0368014830548818
0.058123195325379
0.0743146281047132
0.0763894519771514
0.0961934964568556
-0.00724679164030372
0.100741298644017
0.122594707187253
0.128549103592088
0.180383617485503
0.107094682980803
-0.0961290944691716
-0.0756865847643864
-0.138495184127402
-0.115743438753951
-0.207935718025047
-0.162307695331347
-0.240404307048416
-0.203159591777549
-0.402568419434978
-0.281670847740823
-0.520155844280994
-0.419425273990507
-0.18698167041471
-0.326775288879156
-0.597332470494451
-0.449507994443265
-0.758300767001142
-0.752118628922187
-1.09022989358201
-0.142110255081789
-0.990948792299003
-0.313350726882621
-1.30882828552681
-0.0286603659043213
-1.05792664257855
0
0
-0.792506297448312
0
-0.221336912181034
-1.01319499673771
0.585858851315575
-0.285558441463179
-0.271360620152757
-2.74316586085241
-2.61659003246135
0.0956756596302005
-0.475645747837951
-0.061760718419134
-1.59436545697608
0.429044506307159
0.158689962393701
0.158950236313443
0.270635379100844
0.127162477268724
-0.0703736653512523
-0.424869621721491
0.119765332141499
-2.79191082083748
-2.68385949340802
-0.0604864867574076
-1.40293633005924
-1.17799757548289
-1.44893886028569
-1.36352416431319
0.0937456072073829
0.122933373495055
-0.0355904965518267
0.265300483845623
-0.271312155759111
-0.570603511565756
0.146503642266512
0.106703297462413
0.111916545863886
0.118044359920842
-0.0515967855126287
0.161343573121575
0.156177038335243
0.178461877573783
-0.78938203778636
0.146643389932468
0.176718123723663
0.272917191383423
-2.72256155947857
-2.65761112123609
-2.79992136120818
0.153420434998085
0.316386350008649
-0.208852884395926
-0.150427916924114
0.0758458319957894
0.0903745404060837
0.0471061101945539
0.138103947960813
0.122432125966012
0.130024889596807
0.125176503202098
0.142936109080859
0.130735165551261
0.148533954245999
0.260253634104017
0.149777488125274
0.138987483787876
0.161732886202964
0.120631177771224
-2.60719480641743
-1.89542316652475
-2.60719480641743
-1.89542316652475
0.161290982663355
0.0560819789742279
0.034542478319535
0.000829401780053911
0.219791292301404
0.171696452127096
0.155529835855644
-0.109612480744676
0.167755616567396
0.173104929661444
0.145997374725777
0.22375459494008
-2.71356443301006
-2.76479211271479
0.152030705315588
0.151561762389528
0.0640209531037745
0.135085667434582
0.108140962949081
0.185307259041129
0.179213544726857
0.177856326671192
0.163077161763201
0.14487853905666
0.150611990613275
0.155544354585781
-0.535850872629692
-0.00940001157377084
-0.051696007078592
0.0190601367220981
-0.05277002329359
-0.118301173882416
-0.128270091585367
-0.184685882732322
-0.202538646003309
-0.29641353824157
-0.310460437660998
-0.432224538716525
0.223230110858786
0.214734204735867
0.193424237239945
0.162886323596564
0.15102865455802
-0.41595680896891
-0.567093147345883
-0.846794504110749
-0.697136568093439
-0.773602217738435
-0.771803133131642
-0.809130886486623
-0.845192722385809
-0.872128397918034
-1.00041684713377
-1.01028157215461
-1.14697659827194
-1.25577778072107
-1.24145078705286
-0.131562378811731
-0.507136782755196
0
-0.297225996306253
0.155110073383291
0.182541444735101
0.123717045255715
0.131014864296048
-0.359653994317788
-0.496757391237646
-0.282314974317842
-0.413824310361723
-0.228967596446949
-0.571148942089987
-0.461610312495735
-0.620010079234958
-0.532250914359003
-0.653583221317311
-0.367142567278917
-0.650992246434346
-0.776585454136845
-0.839620581500041
-0.950509719184024
-0.959761177617733
-1.00939153479959
-0.961531068384075
-1.02916313719957
-1.04576752368565
-1.07382315601847
-1.14150343129773
-1.10630550079358
-1.04982979459809
-1.17958188530769
-1.15643836824707
-1.2370261833459
-1.39312756191652
-1.32776381367428
-1.50837433938679
-1.39312756191652
-1.36705857919061
-1.19675970626255
0.177594380425314
0.170726521458357
0.163054621466447
0.105988955597448
0.078147096027196
0.142208431819673
0.149794116585307
0.214646232302218
0.260712847539909
-0.830539805307766
-0.632736153566907
-0.5632001704843
-0.536003638315662
-0.455926598145893
-0.415770920685955
-0.509624248908191
-0.422560242555227
-0.472163777324192
-0.411880604713731
-0.363912679778109
-0.362701127765782
-0.239553865430349
0.125899963535259
0.146936008730551
0.116611842699735
-0.123096562995628
-0.0331446243441026
-0.0380435134560668
0.034406510897802
-0.17085550822263
0.0752073223085011
0.135751619351829
0.0625804682137686
0.246262929254843
-1.24747200490534
-0.877396668282541
-0.038424199902749
0.160169984342958
0.160665714249077
0.168635518606211
0.16326042977156
0.154532772890486
0
-0.00316588840765565
0
-0.487160543744901
-0.0753662222928379
0.119929905934477
-0.316574151630685
-0.434848288367887
-2.7001918105688
-2.68076835336406
0.148425230825313
0.143590892925185
0.155678696652428
0.140690873221587
0.133798791924113
0.145273456401984
0.134275945222086
0.144361604191105
-2.62031536249002
-2.50825934955641
-2.53666975209758
-0.808142115176506
-0.53954249594172
-0.845258004946985
0.409347198048459
0.151048097130778
0.155514530888909
0.225069565300856
-0.346045247689821
-0.352111423889363
-0.6350105196054
0.141970819327778
0.218537770520738
0.136671534370752
-0.903273833527145
-1.2804289392045
0
-0.679775653327447
-1.44810335827535
0
0
0.154708845393724
0.157306101178135
0.15363875797299
0.1174200106279
0.122746696356016
0.111812789967347
0.12248589446057
0.290306275483616
-0.389369934173138
-0.394145433375338
0.304587320914886
0.0218339576007319
0.0240319732079359
-0.74527908198394
-0.739805218084347
-0.635599422875215
0.226025124717295
0.153421628219652
0.152756800340725
0.174851005415737
-0.0771389577598999
-0.287989116188783
0.159513317107657
0.153977744439476
-0.102485487007839
-0.485621252040052
0.126153194866288
0.117085019179777
0.131619007675659
0.127032131944873
0.149263578494969
0.147765911268076
-0.458984506292585
-0.769134782810659
0.0284367187962092
0.0767327369707974
0.111061676735453
0.109079357395296
0.112864743618429
0.112231995278338
0.158973718659868
0.16291138655881
0.159150422607849
0.144660730424456
0.151061687634206
0.161225811779479
0.154655212055971
0.149642916960209
-0.391294863560894
0
-0.112483154908564
-0.0811690075923418
-0.803098966305954
-1.05183574633458
-1.05480963055627
-0.873651253032847
-0.799452835953461
-0.67359173457085
-0.62039049844998
-0.889726352181001
-0.365919312968949
-2.53115255596738
-0.365919312968949
-0.117584954811303
-0.051652459817348
-0.105112723752482
-0.0216789144509842
-0.104917218567325
-0.483841839365751
-1.02255406336438
-1.6534273135909
-1.6534273135909
-1.6534273135909
-1.66736177403285
-1.66736177403285
-1.67266573445113
-1.67266573445113
-1.63430652517604
-1.65999936908659
-1.63899853034198
-1.75578318688776
-1.75578318688776
-1.72113345719072
-1.66464146897736
-1.73984482356578
-1.71076935050613
-0.698807440170517
-0.185597428003243
-1.06931879746589
-0.74571514103741
-0.986892073861444
-1.25465521620369
-1.38641269836255
-0.348910427578399
0.357482737211234
-0.467902518099204
-2.27894022448393
-1.01075020998347
-0.771303170134823
-0.837784994482437
-1.58756779500573
-0.669825350019579
-0.584695451276162
-0.50463085312742
-1.594761615432
-1.59454951262137
-1.65732416604558
-1.65732416604558
-1.65732416604558
-1.16238351289402
-0.218991275552651
-0.230053941561143
-0.458762458250849
-0.434369409427002
-0.505991743445585
0.16868653859422
-0.7435138664918
-1.05366288607547
-0.52781483226914
0.13043815364617
0.133363648503449
0.112686987252542
0.221754847345698
-0.23504324233983
-0.176693073582062
-0.203327243462147
-0.144161692290004
-0.202421975504925
-0.0707025698549463
-0.0944408355713008
0.0634548757846807
0.11252190838201
-0.113188641239943
0.0449090408141999
0.273892385746781
-0.113025890040078
0.0568967585767195
-0.119040995876092
0.0221188949575953
-0.100908653440254
-0.655069002127578
0.181970863281687
-0.348696866457782
-0.359183966362657
-0.386740824630687
-0.341931351241552
-0.35194026817313
-2.50825934955641
-0.483394294915798
0.180818346615639
-0.312390648930197
-0.265208884426852
0.185605165183435
-0.0816120270651675
0.138120757667991
-0.781369939906853
-0.615051202157221
0.155597868720883
-0.275052407582894
-0.22160261038221
0.140529008944475
0.139243409381733
-0.25403469728996
0.191724752546755
-0.742972435664051
0.166413066470699
-0.299234636045531
-2.65094588091804
-2.63057937054782
0
0.231043129372382
0.0211207091482884
0.133246153218992
-0.924557295077184
-1.01547063198862
0.150891724695294
-2.09412677259048
-1.69664601762085
0.439413084003938
0.374434301711818
0.378753924314409
0.435988011761436
0.317787532694609
0.403404108800593
0.281869146779333
0.292897365485878
0.188430004864593
0.180320604751156
0.0300062286688219
0.0741685566076257
0.162565566759829
0.021875252504649
-0.102258221192393
-0.134580752295432
-0.331706417448886
-0.345199208310887
-0.478305548816862
-0.463510140909775
0
-0.00915589336361274
-0.43779793656239
0.289708804629135
0.159974191602786
0.153484155103272
0.157997877749469
-0.415462682747798
0.127455901441279
0.16935243281631
0.161049833346689
0.189061919782777
0.242620256028832
-0.127993227299953
0.132117153527007
0.0193602399341476
0.115592854748778
0.00357940359671441
0.073375345710344
-0.879776879181684
-0.783028760597749
0.128813425491551
0.162611630857644
-0.544651012751232
0.153221427955589
-0.407951029318215
-0.408727102441363
0.154635267798771
-1.00617375521685
-0.34184180222633
0.189773594601202
0.077188275855149
-0.256740195017649
-0.166713619621303
0.108265541861228
0.134632633147029
0.146733921978434
-0.593808903093668
0.202072162166579
-0.688945719731505
-0.638251188590108
-0.183885480912805
-0.194916555134669
-0.155835735614369
0.117890633875574
-1.78369246624516
-0.0738987939317362
0.157384929660394
0
0
-0.319266378126116
-0.0887953482013111
-0.804231654724296
-2.35161959322717
-1.54683206802536
0.0266440036670759
0.159527349605668
-0.360113366691152
0.174249028518579
0.0960633845278128
-0.0118251631208531
-0.118678072797013
-0.0192936218712073
0.0133410163208092
-0.028756663812036
0.00118265937946651
0.0469538783233372
0.0243126522252901
-0.494470035956788
-0.190515590062801
0
-0.859456355251555
-0.268474450026202
-0.256582854119195
0.17444321457275
0.0610521633630416
0.200856862908337
-0.151369499526307
0.227584999982369
0.083067093740525
0.0904899418842517
0.109262214128222
0.252553496200619
-0.601522313298809
-0.429162740951649
-0.84156532537279
0.156661934463128
0.134841356627902
-0.164728989605906
-0.642184869074536
-0.442235986393212
-0.163139217734353
0.148842010078365
0.154182873487464
-0.225320174654339
-0.167910216597551
0.153388171413594
0
0.153702479298378
-0.194131817337172
-0.330750388455448
0.160630413953339
0.0580809774052629
0.498660262821054
-2.5935461307876
-2.57552385667851
0.139430507658477
-1.93486855566702
-0.526102415919881
0.137830156147221
0.144212893572973
-0.346744029998481
-0.19889169185278
0.167630694887918
0.170660608060093
0.189191538628703
-0.0479148377352425
-0.0879198874227527
0.134361761927108
-0.145890566156154
-0.0983448835797044
0.289857651263244
0
-1.28155564393536
-1.18577610864557
-1.16176987304918
-1.09972614067574
-1.09822062873142
-1.15609595704583
-1.59436545697608
-0.0892649422245456
-0.760313945678599
0
-0.362351744630883
-0.0844359015957976
-0.0797532792291184
-0.0232406070553394
0.156633894650345
0.116840504204077
-0.00192186995353766
0.132486377732637
-0.311172412511551
0.146810981769133
-0.383510826836292
-0.110268058380076
0.085352549670202
0.0221318268929537
0.194051234302728
-0.148902917546154
-0.372299135616356
0.278667447145247
0.127148901928009
-0.305604377664213
0.157152231805193
0.0625849696253267
0.137380616294042
-0.051295322393426
-0.0796826032009734
-0.733508085560602
-0.860457060214014
0.0649465307203426
0.0705739987585791
0.357282191094053
-0.317820942331167
-0.0792115289748866
0.0564227921866284
0.167965183056008
0.151885944069572
-0.696878521434493
-0.0609938648055792
-0.548527861634314
-0.301505162002657
0.225186634521981
0.194497206641417
-0.296913043755176
0.248769059144195
-0.99988145992856
-0.904160723537557
-0.958975491347671
-0.88669143803339
-0.962340735121595
-0.910984869804518
-0.95943812382175
-0.847219457712717
-1.01250599689042
-1.01051997642311
-1.09351163383481
-1.09591287560941
-1.25052029375603
-1.24746519148273
-1.48874897728844
-1.10991210541026
0.168457801485151
-0.839569597219246
-0.78950590452393
-0.908283156001792
-0.507242879447594
0
-0.930811062405709
-0.0868593580830011
-0.0538109753695613
-1.61976186954463
-1.61976186954463
-1.61976186954463
-1.40060363886405
-1.34706275842949
-1.19165658786889
-1.1511820599389
-1.10141795298
-1.04892969131819
-1.01031308926452
-0.986633076284882
-0.98221279403552
-1.13280469033086
0.299676653428015
0.202062169857296
0.18892595484083
0.172331376203526
0.0608494974441126
-0.0494679154518345
-0.187062683863115
-0.607631877893093
-0.930102327278789
-0.915004766592359
-0.043209420848336
-0.043907599878465
-0.0320603541386886
0.196071105088648
0.108218278170737
-0.693014249446481
-0.598263112134829
-0.323983070536157
-0.0666244831601252
-0.144572856504979
-1.01319499673771
0.0575563428781022
-1.01634771704085
-1.01508640395537
-1.05896637439525
-0.900729003858253
-0.437243707401487
-0.69249460017035
-1.00200718323938
-0.993154554860105
-0.930185162003053
-0.821779691334943
-0.516673814569492
0.0693203552971562
0.062680360103027
0.232015901451162
-0.70323671956248
-0.767039689282979
-0.655703144850351
-0.105989334212035
-0.171339852759885
-0.338992778069506
-1.10991210541026
-0.744008252440734
-0.780418540461668
0.170025965196689
0.167415618449279
-1.33245623763481
-0.819893842085478
-0.861537827467697
-0.0782617029005737
0
-0.502612776105647
0.24054491442493
0.147885217662623
-1.04763083895636
-1.16857806123655
-1.19458719215742
-1.19458719215742
-1.16857806123655
-1.15911291112415
-1.15188100326049
-1.18790950152019
-1.15188100326049
-1.22653959618527
-1.09721796893735
-1.15563738749792
-1.21885708185577
-1.17493822716111
-1.2269142502897
-1.1953464367713
-1.26192540635165
-1.20451534727877
-1.22212986101326
-1.17385136416834
-1.13537421168609
-1.19458719215742
-1.18244558451707
-1.12182984804865
-1.12130078756553
-1.16857806123655
-1.04506949854945
-1.25718567627727
-1.12077673254489
-1.25954386420461
-1.0468945431214
-1.05370067260767
-1.14405745595896
-0.983239800146513
-0.963970434239459
-1.02898292889117
-0.964972117533964
-0.951327375279181
-1.12474276433546
-1.12904308944553
-1.12330822630134
-1.18381568426857
-1.06791072219491
-0.96127191443324
-0.978123268233823
0
0.106473196742289
-0.331313148123381
-0.132157287748544
0.145716246693397
-0.1024848182957
0.0910706156367902
-0.0408456742683114
-1.58783370087796
-0.941645878808824
-0.830390996995916
-0.934567455676532
-0.863807852148409
-0.133042692869156
-0.23095525217749
-0.176961295147461
0.199821967343814
-0.216230869688882
-0.195890592457677
0.0932601660167605
-0.828244627238849
-0.347742112547868
-2.49143364605294
-2.51757418214541
0.100419912865588
-0.143779536577109
-0.931101730401781
-0.0196280236792098
0.0414241998987339
0.10262112268052
-1.09849627991482
0.0800026727422266
-0.854149772867637
-0.799884809407769
-0.214965263746272
0.0135774312602212
-0.0106809220980261
-0.520114741608804
-0.292778660600029
-0.591062703098937
0.187840400773655
-0.732599558536428
0.162219451261046
-0.0311455990274618
0.0408370753793313
0.0262551506513193
0.0882368091123742
0.0889865953517895
0.120056162836538
-2.05065464804143
-0.744709287608816
0.284306734491593
-0.0489945702779369
0.149714716373984
-0.627621019302705
-0.861813966059859
0.154626074696135
-1.14381384074103
-1.12638680784711
-1.09779539934124
-0.285395717356969
-0.296807554098029
0.177332633051787
0.193072710404453
-0.0584973766892638
-0.0819869072039387
-0.706566056898541
-0.534697352076
-0.114208491296536
0.293409135910482
-0.807149791623626
-0.742924107866497
-0.0423186585423327
0.01540415456582
0.0116638625199455
-0.0834409202185532
-0.011356914921381
0.0258426259626748
-0.319879417369122
0.0363042982797208
0.0674988948399455
-1.15446024103338
-0.90334662259432
0.0412089335153863
-0.448285295214475
0.143156565404461
0.199147708040115
0.202546963102339
0.215958390834175
0.0201856526638176
0.0298961676889931
-0.871755124655989
0
-1.10991210541026
-0.363093612008278
-0.901678988841766
0
-2.53666975209758
0.12805552420436
-0.755870473197711
-0.625428312663156
-0.875537515372318
-0.607382522410772
-0.474038129896548
-0.535504487828508
-0.431348437969588
-0.450198760078874
-0.689443946126874
-0.974829321176441
-0.789533970586095
-1.39255430147815
-1.93486855566702
-3.39212096989651e-05
-0.858904281885167
-0.902948574148549
-2.60609642932094
-0.789427570518686
-1.2001869407333
-0.944505367760208
-2.405348203367
-0.84194576242369
-1.51361103554592
-0.488946715791821
-0.00689524637588525
-1.51192726084531
-1.47129170107242
-1.43797132113366
-0.581765505272235
-0.62290662323381
-0.542948216743951
-0.775185893894708
-2.49925468184274
0.121297962807642
-0.690543331906104
-1.45549801927522
-1.28527854692859
0.120492240786467
-0.154490360038325
-1.00096835080502
-0.10760170475116
-1.21177602376805
-0.449150090107915
-0.462257955350026
0.233848609195243
-0.497960545253513
0.00861217894309361
-0.556527418333685
-0.468125825568576
0.0490757280539927
-0.727025915767146
-0.951876201709484
0.373851602516381
-0.456233093823044
-0.0326318206867757
-0.0960263375930644
-0.0580944462885057
-0.343102038755525
-0.391531166690898
0.210481734655869
-0.230330891595832
0.0721247762420908
-0.209530286813392
-0.486814973626161
-0.490817888075009
-0.366429283069257
-0.611101725530663
0.267468817889726
0.25197479032823
-0.484079818610498
-0.220836926967118
0.205885483573019
-0.123182256160842
-0.000178578880671695
-0.956768469337468
-0.891545862952288
-0.456387748335536
-0.346315714710358
-0.206048564287871
-0.0346739679028812
-0.0216749014713332
0.163584402387044
0.397112931459741
-0.97011760508703
-0.922575395698422
-0.885068299014167
-0.859507521035041
-0.967462177175099
-1.04560357642993
-0.267512566032569
0.109212233468212
0.200449722215726
-0.982611995473736
-0.392691910761365
0.594779540513078
0.384833229814087
0.335783083886734
0.359326574802195
0.337906536766946
0.277671610835113
0.264061224435649
0.259308647092453
0.312422753238922
0.238882119673398
0.210401183287319
0.193145556115726
0.0876184668957883
-1.10602519467147
-2.05065464804143
-1.94832460091278
-0.178531342828913
-0.80935594042892
0.00515872065659351
-0.614069634407867
-0.157930809511391
-0.202010570744339
0.215122561151568
0.286623470623429
-0.0649794709273493
-0.639221917064732
-0.512860288043757
-0.0629358139859684
-0.450462689300266
-0.785588911722862
-2.33167832563064
0.0167135587148269
0.0700320543879883
0.0764883421686958
0.0107918090998827
-0.0625595914003359
-1.10921189550228
-0.885948666098667
-0.318771701803116
-0.361637065120601
-0.216166713396195
-0.334828426304558
0.0452706441864863
-0.0650530579122444
-0.150254667216982
-0.0222072344740519
-0.216125327913637
-1.24294978543497
-0.288680956515644
-0.642177037931639
-0.533099669501696
-0.810590347984103
-0.762811180762185
-0.587560490377408
0.181591847494261
0.166931735779534
0.171412720257034
-0.856748100589359
-0.336492155203548
0.219515435747242
-0.210216890542324
-0.267680314579464
-0.627215659078172
-0.216504418795618
0.275644394541054
0.282482291920013
0.269695720829579
0.231873124991717
0.252630527601747
0.193628339781037
0.00954603781697749
0.0668304201523393
-0.254139153359799
-0.691011777188664
-0.875404744169545
0.0380811178628748
0.0143291932576984
-0.292933608345888
-0.00156944241644218
0
-0.288730768525077
-0.266901702898256
-0.287382813366687
0
0
-1.02641987249846
-0.833954105118922
-0.586128860069216
-1.25467114089842
-1.02371081811239
-0.946418038997516
-0.986969708576447
-1.11652220071114
-1.40686514420472
-1.41361196262042
-1.47725806849928
-1.45680751894127
-1.46302718846011
-0.464828537762237
-0.472928427487006
-0.473734830265009
-0.273242550507449
-0.531000465220589
0.198517674068121
-2.42774629036116
-0.150808439151481
-0.161624131147848
0.0150842859746453
-0.0587102241842186
0
-0.198480114876262
0.0967121789030936
-0.210537365043562
0.0574269320208
0.297861979188527
0.393840565025279
-0.758394705277082
-0.836840621230606
-1.09293632044248
0.249908435821254
-0.562477742081289
-0.346655981069236
0.155054452152673
0.00691162204821862
-0.356053311629025
-0.319809759001213
-0.351027045575439
-0.435703326794395
-0.389811064806969
-0.475618335318979
-0.334620440938259
-0.38665206773455
-0.528927831502737
0.274315646520523
0.0381253398061345
-0.0367319607205331
-0.0350647656587441
-0.352728353821704
-0.71751583061299
-1.03426724605439
0.287113645293447
-0.875176977969913
-0.241383779104491
-2.40750234429289
-2.39507853664068
-2.39507853664068
-2.39507853664068
0.339311795531093
0.329179239749506
-0.00312790748834788
0.0570732234199655
0.105403693728418
-0.85201413065078
-0.334062366775056
0.352467908361265
-0.222127446979069
-0.812838139210786
-0.63177641974404
-0.0590204539272701
-0.895903516390806
0.164577576865616
0.102600637627388
0.147998050213708
0.0674543328728684
0.0278441680894932
-0.0108461181658755
-0.458727504746329
-0.459162930487215
-0.930680041338048
-0.0200853532236842
-0.977778334253093
-0.276982302250578
-0.371174457265394
-0.360525946094463
-0.434839127670972
-0.411656772236181
-0.934327206349521
-0.878350168057933
-0.612344481856751
-0.575926162685832
-0.102062813144151
-0.0978092565056547
-0.0850306347966772
-0.902388546902111
-1.01035507368158
-0.851637051489704
-0.303810643893902
-0.121160069757196
-0.152931440808257
-0.00926958742881365
-0.196542220411385
-0.329679199629374
-0.373571569341751
0.250564654740134
-2.20331449572628
-0.368754008157597
-0.343720862118983
-0.0896592014265154
-0.0585058760590483
-0.36480215252495
-0.815070489628726
0.18591464148071
-0.809984995009866
-0.846812623270387
-0.799714852727052
-0.0754103521195491
-0.000787568662976649
-0.165419172316739
0.193794983290842
-0.884480990723175
-0.636336789764398
-0.929865179037726
0.0828954096676825
-0.361039653735965
0.199431528341404
-0.575022666973374
0.230476761545575
-1.19065536084939
-1.26226142004013
-1.0699857113767
-0.77492602460476
-0.86533947232728
0.269208553912024
0.114499933284857
-0.0286861948682189
0.245479736361207
-0.366563003377545
0.291643641799753
-0.124627948758359
-0.994136744466009
-1.33888541145592
-1.38793677637284
-1.38793677637284
-1.4782352918019
-0.630853201566892
-0.0239499351598436
-0.0357759852822616
0
-0.611197293058563
-0.73466712989317
0.141749204824802
0.273748271497223
-0.860082059353635
-0.817109546155801
-0.344873500027397
0.00513452955419274
0.364185267226565
-0.711582546345798
-0.943196487661212
-0.0630660652323728
-0.0268049949318514
-0.0179946034237452
-0.0145838096156363
0.241486219954066
-0.921267175901736
-0.0334342207903991
-0.370222748300107
-2.06782147191556
-1.95958928778521
-1.87301757363894
-1.85592379185169
-1.89474875403297
-1.82368056002163
-1.77435964321152
-1.81898913199463
-1.85269795053656
-1.85269795053656
0
-0.770499844278465
-0.0610622038931025
0.141247871536192
-0.653388920303648
-1.13249358788396
-1.15005474329416
-0.198107342510952
-0.23480874918981
-0.303950579536572
-0.287096434560176
0.0298604148182555
0.0660544798635077
-0.279888952280972
-2.33167832563064
0.490330469019219
0.553301478773116
0.285671161245647
0.407113368199453
0.104279522183003
-0.880553657348854
0.200929150363536
0.279832399935096
-1.10740694513683
0.225917928103244
-0.988501376669263
-1.96318935075251
-0.552800609490664
-1.74347186975531
-0.0430330371792883
-0.793749032757265
0.120434858428889
-0.0370496202041855
0.010693505740903
0.270908931116381
-0.0501690512765537
-0.0491151727588404
-0.619367509969005
-0.285240897773512
-0.0936142197790773
-0.830472357479641
-0.371451889660298
0.138727536887779
-0.472084285231574
-1.08709987159926
-0.208885719056296
-0.206370246101829
-0.918356523935742
-0.27765864671026
-0.746134491369357
-0.182563441810901
-1.04822001700522
-0.0708933352853286
-0.118777672689767
-0.142589905042463
-0.107900246551782
-0.733377239657213
-0.662156410307225
0.339682297652669
-0.600513985420239
-0.721735251706696
-0.839108128799287
-0.400582362003354
0.0175741466665576
0.0925870446917064
-0.0390523948959184
-0.52980492316182
-0.741790452950598
0.342214788656832
0.28807010716019
0.104054543603444
-0.864603390049137
-0.0606293289470439
-1.09956313707385
-0.0772151955104937
-0.373878648001391
-0.947333716983699
0.257825817797346
0.273322619161955
0.251600048377244
-0.882368954871024
-0.880579890007667
0.161502987604637
0.303417410086343
-0.809316864905489
-0.126736388684055
-1.00250737975503
-0.274891351046967
-0.378930047627007
-0.057396311029415
-0.0847139275747943
-2.36092735988982
-0.169014706073445
0.260808481931804
-1.21950103532478
-1.06513894172316
-0.786791203632253
-0.320656793095064
-0.341130430437883
-0.313806179143882
-0.370863387888057
-0.14887393631009
-0.25877676682903
-0.521619435067889
-0.61303517638286
-0.961517711759959
-0.611635521357168
-0.175234575932149
-0.142531707414694
-0.134954909413215
-1.0971917351395
-0.624687553135681
-0.296006048254597
-1.16392862874829
-0.283696818432115
-1.02182944287136
-0.97977211785617
-1.02201291724054
-1.06359995201069
-1.2542542849493
-1.10417161347819
-0.239898130078996
-1.27323534954225
0.26070626014518
-0.616131825706466
-1.78369246624516
-1.32252374058795
-0.383116820792027
-1.14889406957804
-1.20504279190133
0
0
0
-0.526275488128382
0
-0.483624013785804
-0.309461403660067
-0.37166296657601
-0.385416292968638
-0.231149295519463
-0.625785266424745
0
-0.284536992150705
0
-0.24054578042758
-0.356752632411953
0
0
-0.794315539591718
0.0465611439266747
-2.60719480641743
-0.173777152404238
-0.497151833688472
0
-1.06220980041878
-0.266745805546349
-2.42999086698308
-0.972161822319287
0.193940371876484
-0.0119850325605341
-0.400203096089663
0
-0.0879350037879742
-1.34214086077456
-1.5362943879593
-1.5362943879593
-1.5362943879593
-0.288797446691542
-0.798451551276228
-0.756017911371406
0
-0.652266184329832
-0.862841984753607
-0.578571464362393
-0.941258666315217
-0.393358868805005
-1.1457969918506
-1.08563510716527
-1.27981917661089
0.00304350504314973
-0.643275915890352
-1.37661759748643
-1.34801320303872
-1.53995652621301
-1.58783370087796
-0.502378148555963
-0.484343013271664
-2.79971465721912
-0.487366176578231
-1.68943031913681
-0.368345519964327
-0.310855988948185
-0.364883207453099
0
0
-0.54581778815437
-0.280236322669806
-0.276576578925949
-0.295991107220368
0
-0.623675217374767
-0.536413315682647
-1.60307103113651
-0.477722736315153
-0.747099705407655
-1.31765446233259
-1.16238351289402
-1.11299799227681
-1.0200561299015
-1.22569358119967
-0.356885945009548
-1.37945388591667
0
-0.0986404973897298
-0.349030200593563
0
-1.28067490184707
-1.50837433938679
-2.50825934955641
-0.968938025920006
-0.625551706694375
-0.458737106192543
-1.23220578065047
-2.66014893491367
0
-2.83882771427934
-2.53525757928787
0
-0.857361556095974
-1.02263623237168
-1.05768737243711
-0.708560262264334
-0.747923499144951
-0.651550554870991
-0.957388328768293
-1.06715334228302
-1.12340774153649
-1.09628535045652
-1.13989807606374
-0.494700608831603
-0.44517452519589
-0.348659165408978
-0.41123828196854
-1.13180854581727
-1.19303738347368
-0.0251988467772432
-0.740675555718929
-1.36692515570663
-1.15188100326049
-0.00514420787462931
0.0405667155626852
-0.136410369723682
-2.25655863569233
-2.33167832563064
-1.24062981316839
-1.61976186954463
-1.41154948442933
-1.0969055115296
-0.813689554416275
-0.813474270876474
-0.512580009047334
-0.791403424429785
-0.239588514377993
-0.330293863927267
-1.44579049956576
0
-1.76063993326465
-0.609971349457828
-2.09872272334736
-0.925457892598216
-1.4258303617395
-1.31334518666013
-0.491478869842143
-0.724505261124636
-0.505156128608879
-1.10601157727025
-0.349574279777843
-1.14405745595896
-0.913299430220032
-0.0896545375704993
-0.385932092772442
-0.766137320884132
-0.867006828357878
-1.10080195622211
-1.10440574341076
-0.390032959848196
-0.0834453238657272
-0.957855003995269
-0.95447293498676
-1.59454951262137
0
-0.00887366308522693
-1.39875573305101
-0.384213535457606
-1.28083587491629
-0.624539550663106
-0.47863424039477
-2.16887244080139
-0.315466802975812
-0.244383466124215
-0.266346883135404
-1.79392406898045
0.449588031557963
-0.407646402348402
-1.02180587584307
-1.27899312204758
0
-0.423110751671242
-1.25803185281206
0
-0.636131257054598
-0.917863904927519
-1.15724682159689
0
-0.670297444610929
-0.840732525337025
-0.828387280171481
-0.434645675005803
0
-1.78369246624516
-0.762686778039093
-0.497169116271509
-0.171047439010191
-0.819253791590369
-1.06498424415863
-0.946357183632479
-0.668468742882028
-1.09027465448929
-1.10072995301188
-0.354774744540575
-0.303451611249069
-0.997341655700411
-0.65959803548397
-1.72270747309709
-1.75578318688776
0
-2.405348203367
-1.4235949005731
-1.81679700176134
-1.29433120757182
-1.05131001962553
-1.04509802889328
-2.70058531754238
-1.85245150485221
-1.59061584625796
-0.141689344514436
-0.671744829387185
-1.06528592722712
-0.545348871479864
-0.881213065368358
-2.65359456891277
-0.365844968561132
-0.014394674602491
-0.846719623593014
-1.54683206802536
-1.45549801927522
-1.10421412465013
-0.408125140519934
-0.419241736882078
-0.390392183579366
-0.511692503465985
-0.53349381238901
0.00283270066293766
-0.123454917872042
-0.737853508720025
-1.23220578065047
-2.5923747329842
-0.577475871493219
-0.549324388636124
-0.373439357823584
-1.11371614955586
-2.68385949340802
-0.117584954811303
-0.66608374247024
-1.08020009948147
-0.0562861441270771
-2.33861040316607
-2.58132341045655
-1.16857806123655
-0.690089438238537
-2.53666975209758
-1.03836185158907
-0.789055679831927
-0.560081412878434
-1.11764389458893
-1.08245285884308
-1.37802635973134
0
-1.19660926613919
-0.419155322774311
0
-1.5991955915571
-1.24850561369129
-2.33861040316607
-0.566552986781406
-0.662194124089189
-1.32562148744624
-1.62522544935989
-0.944787072453035
-1.08443271350403
-0.580251976407765
-0.905631148500375
-0.734884031395587
-2.72080479109755
-1.00316482161695
-1.06486119678602
-1.52606934632959
-2.405348203367
-1.547530167168
-1.26251631862479
-1.05799786505679
-1.22286737278499
-1.19036666463945
-1.36705857919061
-1.36705857919061
-1.18000259637523
-1.05132744933341
-1.1587247074608
-1.46608148616815
-1.07624610648922
-1.53036700633235
-0.923517359930042
-0.841159458148705
-1.40959250223773
-1.09897800751321
0
-0.741479250927881
-1.55488842215181
-2.53525757928787
-1.41762706382622
-0.683396193322405
-2.53115255596738
-2.5923747329842
-1.47233681262646
-1.49289295426418
-1.46302718846011
-2.53525757928787
-2.60609642932094
-0.344998471725724
-0.217714303064843
-0.313000003188678
-0.972402841105638
0.31206717745476
-0.892643191927287
-0.724936624432956
-0.791690230768917
-0.402111458477095
-1.21573237165813
-1.01795380222185
0.00408589759955504
0.0451374224966729
-0.0605983772740743
-0.912986602936481
0.0370983795161042
-0.572039719982364
-0.189900939439772
-0.173500556004116
-0.173982977839087
-0.0198205889720532
-0.202126940613922
-1.05265676692966
0.0164393478854632
0.251835766620719
-0.273972131620251
0.0949554608545899
0.158559921298672
-0.155397294263764
-1.01832078500052
-0.559364191483166
-0.209074568453434
-1.2439101496761
-0.19029187025773
-0.077274570929661
-1.33505550209332
-0.293765097483128
0.111358899586801
-0.365802445253901
-0.912887945691865
-0.315057656628337
-0.68155997227626
-0.872612463337876
-0.525630750752829
0.130007829604435
-0.301156086135155
-0.456411207203536
-0.902260025838881
0.146951689982063
-0.0970962004002795
0.00528662569506026
0.221958351797387
-0.0364668964645135
-0.143264355913883
-0.712684802834675
0.0588483658776421
-0.670219954558519
0.398675954961727
-1.38727507906514
-1.2685939307272
-0.0607408717621424
-0.341651478191706
-0.0995918102606991
-0.52302433950399
-1.12454244085256
-1.70846873505817
-0.38957201727766
-0.866786809880392
0.0160057595874758
-0.802809765903103
0.502601394060796
0.474527832152946
0.527245169036552
-0.121502074277693
-0.336033588769311
0.273002698534777
-0.411588235006107
-1.11072322370559
-1.00880842441659
-2.01872185513706
-0.102141159160924
0.19547103446326
-1.18476602722895
0.0996714345268182
-0.550222883952245
-0.362494885972343
-0.676412524098029
0.14471147607498
-0.593421480702957
-0.206059898057099
-0.273445565554725
-0.326362225063872
0.279734292535354
0.490637980939186
-0.995863538040377
-0.974601065544687
-0.583723939191073
-0.353520000140769
0.179144009734763
0.239170986604302
-1.14384770893304
-1.2552545941515
0.273870924748401
-0.481893136870619
0.0720093718602303
-0.0236430932711171
-0.96325846257673
-0.466583956386475
-0.191920390817202
-0.394834865267374
-0.32690130834272
-0.124612141830174
-0.19713080059605
-0.274582083196135
-0.110569680016914
-0.322167745313399
-0.413105851728733
-1.12805026211396
-0.277297666499734
-0.0742610918551178
-0.411637784854596
-1.55676106173586
-0.577160325327988
-0.958751258250764
-0.233412440305198
-0.803134023313123
-0.354979417465632
-0.489068435022235
-1.10369101387566
-0.112155904468548
0
0.0907917160314238
-0.199978503904157
-0.399285335830882
-0.0421617898797599
0.251592232584743
-0.861286652373774
-0.812632758081004
-0.307323055831478
-0.366859227593748
-1.13747308549439
-1.54102304967019
-0.368039930795777
-0.39801683532385
-0.849695185281273
-0.640776636961463
-0.440464449806565
-1.09376296088404
-0.635309807792889
0.09108295082675
-0.818616726413025
0
-0.500044293452418
0.216098052261022
-1.53995652621301
0.0567477362003334
-0.234519825791928
-0.432011507996487
-0.763439695623802
0.210113178314263
0.250464469410468
0.0123846629873419
-0.0648818752750508
-0.406593553738614
-0.949215266886826
-0.412370752995869
-0.966646739289757
-0.861929357285551
-0.326354616880826
-2.38711934751642
-0.859974304097184
-0.115120844190238
-0.450637569052569
-0.228903562532313
-1.19684126127358
-0.751856334331271
-0.522428775665654
-1.76832802318983
-0.382474896026354
-1.96318935075251
-0.815186545040595
-0.0916360736467921
-0.0293416521022197
-0.0838392966857695
-0.307361919619666
-0.264221902557813
-2.35445513289779
-2.34806585145853
-0.0881050214525471
-1.14677356044746
-0.779100787404147
-0.447672161278726
-0.793775959044077
-0.745724584761425
0.0504040883056208
-0.0725726661276111
-0.0585474108396351
-0.0389410677574878
-0.237924688313766
0.146745957251528
-0.571712601267824
-0.954580093450069
-0.826252211650831
-2.09872272334736
-0.155534669888894
-0.15612922765822
-0.462297999540977
-1.04684952643595
-0.606151829772614
0
0.201376073602358
-0.436701809711721
0
-1.12428177459007
-0.0599100811946577
-2.28462395046097
-0.414559305162026
-1.40060363886405
0.11838665564086
-0.926394228768731
-0.317269658795023
-1.20590827285606
-0.414010457717821
0.117233296753903
-0.84590993339777
-0.133694454930712
-1.12916512077276
-1.55676106173586
-0.439681600916242
-0.886374559458067
-0.569305371901583
-0.581121505845658
0.0494003697647052
-1.02969527039912
-2.20331449572628
0
-0.654924674509445
0.192149769025052
-1.32133253637962
-0.44573826121179
-0.991071151974252
-1.13401645537264
-2.00121858930858
-0.215145217541187
-1.00854826038671
0.0451826021309736
-0.745220503540985
-0.834095446584989
-1.05795864449082
-2.13431942452174
0.224158658346915
-1.32003110283259
-0.208293307765591
-0.6304478805651
-0.499099133044864
-0.266757425360939
-0.747542995957995
-0.833339295301303
-0.0478094608025323
-0.999006655923963
-1.13992800257132
-0.460820186033866
0.0346861164698439
