2437 2
0
0
0
-228.899992977702
-283.340530865339
-178.816571002468
-192.803881485705
-143.498821871031
-135.474829575465
-107.156077180655
-93.2281758948587
-107.557653066888
-83.4000492653541
-91.9672081316174
-76.3849326304603
-79.1145238566821
-67.526445017362
-68.621585646171
-57.0319065216809
-56.8656118827273
-51.173053896083
-52.2270951730982
-43.4829226388328
-47.0495989021326
-400.426892597678
-35.4388609443163
-37.9561101759618
-29.9924677614932
-34.0310649423153
-26.0039059157146
-29.2906416151349
-22.7862681319406
-25.2337558658997
-20.047937304775
-21.3372092809962
-18.6426423850558
-18.0169891199628
-15.9320176762964
-16.1660839598999
-13.9654197059321
-14.3113861858475
-12.9295046673864
-13.4420692517165
-11.4292182290223
-12.8694949562737
-10.7183647126168
-12.1688028021476
-9.60363551352327
-11.0548061803961
-8.7993023411712
-10.4298139857026
-8.36717209143598
-9.93949543922893
-7.97263139385102
-247.856783083077
-8.60347812616222
-7.210072625053
-6.2819597061214
-4.57545632663024
-4.43594240083556
-3.54173157208605
-2.69658124767046
-2.14845863731583
-1.28069993525165
-0.850870426471834
-0.300608015883544
-0.0738251984310934
-50.6811373696556
-9.619429563325
-15.0693917069742
-8.18635846174794
-13.4023029329014
-39.6622741509595
-17.8227135099208
-1.40991496706873
-2.35634270502433
-1.6178624718693
-1.88851192238261
-0.11261534517741
-0.681747108104128
-1.66486261412393
-0.186011757475683
-1.99184340009693
-0.0980685280234474
-2.07162291657064
1.49023988732011
-0.673409072862699
5.28136530939504
1.94916379041718
0.855163063236645
-1.34626837804209
0.646895476096614
0.56437350276478
-0.524985828022174
-5.95354211041054
-8.6739433248218
-4.35063067091081
-8.3315078979862
-5.21024729736356
-6.0747834994869
-7.12310445851701
2.15971106368451
-11.6700667866334
-7.53632366094444
-11.9364209912032
-2.26684341602742
-0.576219975552518
-5.32281513619371
-4.18773853243305
-25.1515809408597
-39.2028851876262
-163.45123526241
-87.6227110383643
-19.1722615182701
-11.1142026680013
-6.23314190286965
-5.53332306429206
-5.48724927712844
-7.13771903450956
-15.5393388952701
-29.2397497457506
-20.7599612484053
-20.3166965650777
-18.6777007708371
-11.4823286072539
-49.0921069280698
-9.44788519702254
-7.40943941660814
-5.22252213418354
-7.02475833062678
-7.19830164255019
-11.7943875901573
-10.2727801617391
-0.594364116810006
-13.5301802402669
-7.40689481818379
-5.11188975820137
-11.1736240892479
-6.71275178983421
-85.4013344786056
-13.6677978722675
-10.7952167044414
-7.32890031972592
-21.9214808540077
-59.395365356303
10.7317234343383
-4.84540835129994
-41.9557802240562
-54.7207631931068
-99.4382333428297
-82.483092519729
-103.174634171297
-86.8538652529755
-103.657610461499
-85.2540860233496
-101.277300466425
-85.7967022052513
-102.73764240671
-65.4814093541638
-26.9379987909544
-143.337289585288
-17.5578359515137
-0.971505404795671
-1.12079864925906
-3.5125677957571
-2.42865972169267
-4.62324886289794
-1.44860840290903
-1.68337223874941
-0.572099093098251
-3.34398694268205
-2.24123841206803
-2.53432705404014
-1.68046623696649
-1.96688552257032
-3.70092957499864
-1.39737523413926
-1.06958952240722
-10.2882425658599
-73.3602732661947
-1.35177762537638
-0.14604173434018
-3.07171004601089
-23.2892727878744
-1.31873075961565
0.726275396478721
-1.39081893179842
-27.01258237394
-63.2733552356215
-57.4829650980689
-51.41767193237
-59.5070858329187
-71.2173476402322
-71.7207359653747
-80.1080760926872
-31.9511995190235
-81.7362907258545
0.616190004747796
-86.3388049938995
-236.233392037052
-80.9346557229876
-630.551078998786
-617.774881757386
-350.678415335562
-1.11778836765958
-1.18854233205803
-488.390622466489
-474.608999552431
-492.007650792864
-465.687637960159
-0.702543774857909
-0.18917993134187
-507.491902316784
-477.603732788442
-509.031319939645
-74.1530171177772
-473.501936294134
-461.521946314931
-1.38504182431599
-427.492376409455
-402.55451013238
-64.6707837395935
-334.609376333801
-330.879008710297
-10.4323029929649
-31.7272654482782
-18.5566549542249
-26.9940761591527
-15.7007218136429
-23.7825564843301
-14.5668014875349
-42.0876699325944
-43.2705825171073
-59.8224341303074
-43.0197765954606
-29.29463355379
-247.121695246484
-261.019586681856
-334.945636343567
-272.742652220269
-214.815404824339
-227.024772003721
-280.374838289911
-234.440937338907
-281.470878121071
-245.658390134928
-197.409344249735
-217.424765871583
-247.296938631534
-222.45899533587
-188.048313904832
-197.280638172024
1.0868351360234
1.40414655174168
0.632352889646346
-237.611278605598
-0.163431028458991
0.530660404791636
-3.20526488799863
-4.27330966181265
-5.91431458774347
-7.3241410773314
-9.4926558159693
-7.80903453627193
-9.69466501070818
-8.70824815476092
-9.24558149073164
-9.65210041200907
-9.53076411317025
-9.93984354500379
-8.57681378302325
-9.83773140417745
-9.18623831294865
-8.20635490118144
-9.2848238795138
-7.48742357333424
-9.3268022355726
-6.83882527030479
-0.450219006926777
-12.2838544141284
-10.4626018729908
-9.03466851953365
-11.4581592817091
-7.38895763327633
-6.6599186550197
-5.54151934411677
-4.44604267344642
-7.74580361716633
-4.1306219165379
-3.90435167484101
-4.59051990766025
-4.39231436723614
-5.54946624482708
-6.4849294859616
-3.64443137855153
-223.484008113866
-5.35893403365969
-6.88391989363229
-7.58729325825919
-8.1267795901309
-9.6177828971454
-10.3638091913952
-12.1175274990461
-11.5684083598295
-13.2490789947895
-12.6886199932396
-14.6255614839794
-11.6605729510556
-14.6675583811623
-12.2864728387483
-11.9856914108857
-10.5943134211886
-8.80081848271516
-9.76113975991495
-11.4439957141603
-7.91137038398079
-16.7131141866346
0
-50.4032215686139
0
0
0
0
-15.3196325416208
-30.9135758698196
-98.5905282067463
-9.38279371500123
0.670566629111846
-3.39243345071618
-1.86034968697668
-6.92471480205373
-9.75568714725903
-72.2032889761335
-31.4600424302472
-2.21499952022179
-13.8376021880091
-75.8261103673228
-68.1856800493159
-2.05347630003196
-71.5686169601054
-68.0988135828274
-145.673101785965
-159.520246541856
-107.581179594886
-81.7775353583576
-162.807871985208
-141.975189501372
-141.488990316306
-148.329699877393
-2.88261094559235
-107.225105558113
-112.987909916775
-13.263291967867
-23.8882123374241
-24.9036113593461
-35.4757188834694
-731.916458575876
-26.1258749887117
-16.5628168767351
-20.4946407485005
-21.6771188653585
-632.679241288686
-664.939611041383
-60.6285967696995
-0.741342016524684
0.811752618679388
-64.4679367541415
-86.827651710601
-91.0456036028016
-25.6236773860319
-427.451334211137
-145.880687266423
-658.09033978163
-646.105413303175
-117.6726275921
-130.629427622077
-7.67636670320401
-4.96747683742809
-650.059943218191
-642.738903891427
-635.834348283792
-645.044217262378
-605.297235519926
-570.083102994971
-476.093053305727
-470.592138687348
-455.928800033665
-406.632160784364
-453.254489341649
-256.00794219218
-427.052290889459
-376.014465054467
-45.456546518452
-8.70424449883918
-11.138628114366
-9.5999762966557
0
-655.006407236672
-11.3998621379805
-75.9747671213465
-84.0313045729407
-111.560621112451
-98.548057337556
-105.429951867889
-94.9978984328213
-83.1006396740553
-82.8410667708938
-71.170072937483
-70.9280214629382
-47.8909637240528
-71.2808737712007
-118.655849948047
-60.6408561168103
-70.0851985009073
-567.071326179884
-3.52967378564808
5.2429579695342
-2.61686134004058
0
-16.5027231279248
-119.133951451715
-7.14882764413641
0.102361880387759
-0.643436595700763
1.87204102715303
-3.61333499058316
-7.2371899218231
0.655978310472503
-1.98102355178617
2.32328515343377
-2.24330268460544
-7.28649207066717
-8.70794274034128
0.768152927889859
1.02357807521844
0
0
-15.9910385702915
0.890070392601664
-2.66999605910597
0
-124.557172828467
-96.8676810729978
-101.915819706292
-163.746264922822
-120.000299156242
-169.682326459385
-137.633355519542
-86.7701445465614
-115.826782921937
-66.7192533796517
10.8339701337187
-166.812869638384
-10.4909006858488
-19.0990326000526
-19.112018940848
-29.1390344163395
-93.110384635953
-50.1130335714076
-67.562626290815
-130.823890801699
-144.795665955174
-2.64141949817848
-112.982848967872
-7.40421728404215
-2.89871655758403
-2.39941652075082
-0.386470563536768
-0.459896811574867
0.159723174245452
0.477286118126383
0.337958104740263
0.239516388957355
0.133450574297869
0.113011690472683
0.0864279959343206
-0.468037094876288
-0.498053157547
-0.0537128611930557
-0.298220447332704
-0.438881246555901
0.135258009693344
0.0346441371658963
-0.773855206868337
-0.409647369183442
-0.717686721708707
-0.391597201114976
-0.901621515106179
-0.796884323582392
-1.41679507707742
-0.935853641975884
-1.25519640413018
-0.469724219387698
-0.980287112989599
0.338461428908243
-0.699074489714987
-0.827324245978981
-0.391589272514206
-0.0981681237537402
-0.526946311003375
-0.895701357860623
-3.23083973548254
-2.26631692970046
-1.06070272197479
-3.25528729548513
0.210649867214071
-3.19579483686131
0.621954698465973
-0.249944658050042
-0.12325526603445
0.197333157217515
-0.515202277065913
0.0550705971554998
-0.178642863914441
-95.9790444657711
3.2822637359212
-46.927254438675
-58.6402638804442
-148.322458940519
-144.501807730517
-14.1604677095037
-65.742672337426
-6.00537319027353
-117.937026891151
-3.52115639779926
-0.723974072749313
-0.00130726036230541
0.267655063043913
-1.9222909792682
-3.55791540114658
-51.1280996366861
-18.8090747080709
-145.731091748415
-143.513519882795
-0.914288049628703
-449.466009082698
-127.0854053104
-387.033117185211
-194.675251676608
-1.33929119435189
-1.28093500505819
-70.8570116743274
0.0624111549181083
-7.98470708271665
0.419366021339775
-17.9117237952874
-2.20808454987317
-3.68154298778107
-3.21590733167696
1.91353788242891
-18.2911535992374
-16.4775765047578
-20.5445416155154
-8.77928269986816
-2.96420218032033
-3.01071285915464
-7.7132336355757
-136.309413914683
-132.119139112505
-137.546436705321
-16.5099666544055
-18.1918506666277
-42.9920911730128
-47.6137353750689
-1.61716499189187
-1.48019138798101
-1.6693569665904
-2.93244344425128
-7.08266199241046
-5.40897362752207
-3.19775021324647
-4.76882559372895
-2.9736904731747
-5.12048762628482
-1.713374850001
-71.6012309734211
-39.3702126901206
-111.205973162061
-8.97186052477642
-142.510837474205
-29.088214429258
-2.28449780637351
1.25804434627694
-84.6716505257837
-35.0477026914686
-1.49940406482327
-1.84254151520958
-2.16429014530577
-4.69245825393818
-4.97644145685401
-50.138084096893
-97.3127197081371
-95.4577359410972
-2.3091292630115
-2.7357990727332
-125.662668126278
-119.968581285009
-5.4525716011279
-4.92514518125731
-188.23111661586
-144.974367965226
-151.212217076651
-94.9254239986052
-56.3219274676711
-1.19175410157864
-1.16375661455283
-2.8444069858828
-4.6732679608978
-7.48909555506814
-7.89875687379737
-1.5096041200855
-2.027988850209
-1.84116827464549
-2.32819810271484
-1.87491570499678
-2.10901167783027
-2.07345558167886
-1.46560996449248
-3.12176024031926
-1.5133788621542
-1.96892664589596
-2.46222049097741
-2.19037037254721
-1.4142563879979
0.033719638226709
-0.968092066838534
-1.38614970632084
-1.96391272685334
-77.2539208802514
-2.61668061045516
-29.1688915492845
-13.6047407174693
-4.84073437330383
0.654896100415584
1.97861351372414
8.11750634703779
9.02263993381609
11.6265827876727
-0.0357385387160849
13.1520365965045
0.874412182119478
-0.194057773677479
0.149821456515987
-57.4866640645553
-6.20818730333248
-85.5369143423758
-27.4214516311434
-25.7990882917484
-13.1088805054708
-14.4947989351868
-12.8562033343586
-15.3464327826655
-13.1500323056722
-17.3852617069458
-19.7327786362827
-22.8435368071828
-21.9283030896848
-25.4013219103369
-22.1632184848623
-29.1817659712497
-32.0332083723055
-28.1868348287447
-33.4016250341896
-25.7953142172557
-34.2409288775496
-38.0638654034541
-35.9663491653107
-37.0119058979949
-37.7527637561655
-38.8567907751514
-37.0675210379819
-37.6840603969699
-31.4704804185339
-21.733268923825
-30.7434558866717
-21.656019813448
-48.3174342014967
0
0
0
-40.615508654638
-23.5240471460758
-14.5542220179321
-2.73592920325453
-4.71131347850178
-10.8147619392235
-7.34911967667694
-4.70203924297486
-2.91515539305277
-6.13975104346668
-0.85593437401571
1.39853451638147
-0.0388876614200149
1.64363529764475
-0.56378920073063
5.48364073398607
-10.5849159422666
0.657884073806463
-48.4702900406399
-14.6811837436067
12.056770020283
2.72333885341351
-1.06137783463685
-1.67440620388727
-0.47356690302903
-1.52188804748448
-34.6000448758167
-39.0483213803983
-48.7940997367522
-39.1225495294558
-33.1963020889594
-0.946635018121867
-1.57456849778619
-0.406950924911946
-0.427407074064054
-367.413713512352
-23.3094973061905
-27.472238296727
-14.9536157056372
-14.7356075089479
-1.81378194027809
-4.50983610081687
-4.77220277988911
-0.554975072493641
-0.484923598794295
-0.444113264632974
-0.52330204159864
-0.594096993398757
-1.95987324417278
-3.18560106061247
-51.8891873011398
-109.868263710347
-90.9844730842495
-15.5115940111981
-17.1465748415814
-14.7039837652825
-4.93870650788753
-4.1692096884353
-6.51670172182905
-2.31577507556288
-4.1653079014473
-93.1046873700399
25.7480314495034
0.748700041885832
-11.0510057728514
-2.60618701416793
-1.81440718614165
-3.13287942525995
-6.69453314075659
-6.91188639297418
-4.05682964681893
19.4418722553268
7.29504303145493
-63.8435422396685
-16.2656039740863
-5.53400987528545
-3.67796362385909
3.25610825635873
-3.61054167157906
-0.179239685676141
-1.67589112191138
1.07313559137608
-0.383157037785558
0.0404623193613259
-14.8975435668884
-12.8823596548869
-12.0330424297589
-15.4637314649667
-17.0280295676214
-13.0708610126586
-15.2138722331873
-10.6570878352714
-0.366919551914605
-1.74827794894012
2.05124056710583
-23.4445853517014
-0.212681230885077
-67.5006023723907
-73.0965890877888
-66.2485460368521
-25.0818420611271
-6.06904675533101
-5.65092328620988
-24.333763918629
-8.77232037309592
-2.3402743345832
-7.59488095934645
-6.20553153224901
-26.1379527240417
-67.0873305123578
-21.9318234474003
-14.3594894349498
-8.58713507570273
-11.3980716592129
-9.32173810135962
-7.21176642056613
-79.988006957704
-0.168272691600962
-7.09867129694094
-2.95708316995132
-26.6960702758385
-1.85816189863496
-2.06234840079394
-1.32986410054344
-11.45576983314
-8.9676603126418
-10.6314183504351
-7.69316891275422
-8.96679141604125
-12.0526742991095
-10.5969392456418
-5.2874300511108
-62.7917100139408
1.06361742180476
0.853515557651692
-0.301496705037462
0.128694282015913
-0.247877391173524
-5.03297769716027
-2.20452719097928
1.04891857467685
-2.81599920422284
-1.28506975515512
-5.69062927994511
1.54082571220377
-108.667699656614
-3.73258015814657
-1.00316752706876
-5.32275753539838
-4.40579625911272
-5.41588644705892
-7.07829931974773
-0.265013460051403
-83.7450267138882
-343.690707237791
-6.26386482666681
-414.982808003998
-30.4427939933217
-435.953579486202
-310.314683503287
-423.054995795877
-466.973572526033
-416.780570622006
-450.081864070137
-316.188641964417
-24.0123468693343
-391.558216951049
-451.822725947035
-379.203759350617
-399.439082885531
-392.796099519946
3.28150240192007
-555.438418521083
-7.2944486034401
-146.107985522175
-613.272725893483
-635.438661141825
-2.83560080104122
-4.38021609655148
-2.04677256063844
-80.7438998796362
-5.91419340675942
-87.7257205894275
-134.065457826787
-498.170066922816
1.29514061454905
-2.61913312977047
-405.480653781175
-471.194424249924
-394.271060329268
-330.505988883096
-61.3516696900603
-60.5900678378991
-18.1626026435146
6.04582351220054
3.24635996131137
-153.955590557601
-83.4037345189878
-237.34399806692
-5.05144893292196
4.29090835717765
-75.4311329020692
-182.972729015795
-19.6226050527602
-16.1819641559098
-13.466054252631
-18.3138922351335
-314.114813358259
-291.029958664374
-295.221364474235
-271.021340326768
-248.609877444023
-209.723556168126
-83.8262409028295
-47.1299825157446
-47.9887766516532
-44.5273690737511
-70.0963661875714
-58.336267377274
-80.8450971544333
-38.54221005229
-36.6301127301584
-21.9178060917232
-25.2121139760524
-1.87627166124123
-47.2801230832591
9.87778820895937
0.880818253086985
-1.34928295278035
-1.51328052871729
-2.42679944685433
3.45859377679243
-3.23328265510424
-41.3080734666891
16.1466083831099
1.25136342419561
-3.32569789427985
-6.64384083686228
-33.7483762373957
-41.1466854082196
-35.9666391823854
-11.1293140508283
-2.43682042590772
-2.85029025095299
-15.282578298228
-2.38526844714372
-0.850749950248494
-6.16594644269555
-35.6948653905247
-14.7452472140754
-2.73601293928255
-93.8867986771134
-103.254505491311
0.415210228848341
-0.508314134369638
-154.455740241974
-33.2480742673945
-11.7681763094088
-105.98873938999
-15.6034464708432
-139.72332818891
-353.157786151704
6.54036761784705
4.52975146967344
4.28381054484464
6.39953124965009
8.60051245819591
8.34575708126588
8.71043101202047
10.0520150018683
8.34950518300045
7.03507023203347
7.5677873624939
5.51964543115097
5.85985968798836
2.28797491983593
3.65211419200841
2.06945741410301
5.53790002193034
1.51272697017678
4.66098201664745
-0.757904516131993
-0.27902994687263
3.83606437281807
1.28760040245842
7.68989919115101
-8.12258662176461
-6.27361937678577
-80.7022371641032
-245.526991339318
-17.2748705791163
-3.95984982054593
-17.1773414376023
-60.85160962832
-4.00302937409912
-1.86351355010787
-1.3748450150626
-25.4831921238416
11.2338491742895
-42.9351591393061
-29.0258399354284
-6.77070071204025
-6.2019532557308
-15.52855252563
-41.0426428664672
-2.49422431943485
-14.9572913662471
-4.18021380136187
6.89845913092083
-14.3973051259147
-10.5681740681308
-51.4279393746192
-15.8545304638739
-60.7829647944351
1.10293930527358
0.643098476282597
-9.34049899429618
-16.7591456108614
-20.5170909469038
-3.33437182343232
-9.49642850716753
-2.98308787705192
-4.86618468283466
-6.18528176670094
-2.48085146443568
-2.40406137823851
-27.9044501230654
-12.7640272651334
-214.552470164837
-6.9875611652428
0.955925793513609
0.534333724739052
-2.6069325742743
-1.26218085446908
0.431334300872887
0
-499.398749036161
-16.8330580741741
-8.43259403120463
-93.797442784486
3.89165451920914
-1.6664745561716
-13.6242946191408
-22.0067641858212
-1.90831010860968
-2.12140202849791
-1.74921881175691
-1.51235384569413
-1.84622137980954
-1.36036478469098
-96.9900190648095
-1.55827312215111
-0.780841875743669
-0.793149472923403
-5.00545364448074
-46.7779591127912
-17.0603020846544
-20.4821240056467
-16.9889855388429
-5.76298852002246
-17.0453954234153
-3.41120814180479
-2.48056391362421
-2.08833041350766
-15.2405066099069
-38.1453507482314
-34.749713282111
-9.36700761553885
-10.7600329025678
-27.4155382562876
-3.7037993198235
-237.743092686892
-75.5481984799173
-10.425937741578
-10.3046278016524
-12.0504989978523
-53.4262235170589
-8.80559681915715
-9.67562335810493
0.285504569725274
-8.90105512292593
-32.3378492010363
-82.8790458792686
-14.0860544150679
-7.52192898481849
7.93816897163844
-89.4428221236786
-96.3512060435496
-10.8383257088998
-277.628634144874
-3.26909148934504
-15.5577077119678
-32.8094552572386
-3.05443786984176
-2.85090716289401
-48.5737151584488
-0.641963759069841
-23.5952085926878
-41.3478648862093
-0.200179986421456
-0.858593817351228
-2.51217462219492
-1.89807899400857
4.24833429305579
5.19527888114539
-215.846314066264
-298.264948876422
-228.822826210242
-306.183921310832
-254.618233088462
-487.0553876663
-479.423592967629
0.920717005858893
-2.17218471747051
0.989463969224747
-177.37042531514
-1.47086244594838
-1.57627824208376
-1.51712066655933
-12.7375211488837
-16.2216842660472
-4.59853878524431
-12.1836946387393
-0.370751409106764
-15.2335515924695
-10.2248634785461
-49.1239846166567
-12.7353932245065
-5.58989358157806
-18.7844378343516
-6.42562802384227
-55.1220092298999
2.26965318777959
3.27742590702882
-2.18431481105473
-9.32013406689677
-3.55253398599618
-19.3166568800091
-1.9911788552196
-2.08359916692745
-39.0120442206863
-39.3759547298781
-8.87749620711222
-33.5002577318056
0.180796857772538
-55.8622142799694
-10.6518109678234
-152.364330930987
-71.9667960099558
-10.8968818604096
-19.1587942906648
-5.65639768210421
-7.53457709362223
-283.243445321258
-28.9384295216927
-0.493343277631029
0.542425812259062
0.0655724677367468
-20.113623442884
-20.3216182063322
-16.582866575079
-21.2540327855819
-20.3232084677747
-24.6473625276747
-27.902625975137
-20.0051251146085
-15.7781166278801
-23.3217479879432
-11.1769534680128
-18.3969197903255
-6.11087306136054
-11.7230788107023
-7.92402859704211
-8.94162190478162
-100.934716580624
-19.8947730981381
-18.3384623974773
-13.0804815548513
-4.26185944517898
1.78432774857613
5.00171170942836
-3.52288291260604
-2.25740686924344
0
0
-146.335410389716
-62.5100528111855
-76.2726992695494
-57.8190149094293
-58.0003867097081
-50.790706933038
-55.8171755096551
-41.3422653546799
-40.4478336573568
-41.726053855174
-61.4084378603417
6.33278119663637
11.1337433068638
9.52388833945214
8.03315737681782
7.19407731706663
8.38104301231942
-4.04054864012865
-46.0634078148829
-41.0646565859267
-42.6878141387358
-4.56104232224517
-2.77368393324998
-7.45364549190049
-4.48539615618643
-35.1841677602315
-6.01190178444233
-3.38808966307909
-8.14963009543403
-7.09343926398582
-6.5703882466085
-4.65455975231325
-4.86332968640313
-322.988759362612
-240.357686871402
-217.913183332146
-220.440531649372
-1.87354926267865
-124.368327972442
-107.678591168085
-12.8053187382251
-9.40115523219925
-99.6699598221187
-34.1409738828645
-1.74102062582192
-1.56961740539457
-27.9541621355133
-63.377883895725
-79.828583615163
-82.7019558195407
-1.98062114212969
-2.06877007278714
0
0
-5.82139794032688
-3.55581676493598
-61.3515980168687
-68.0653009767557
-119.914394813415
-6.08615472380331
-3.59244657911845
-1.98045184973097
-0.0641867603940561
-3.05487460281513
-15.239901039822
-55.6221702874325
-39.1254917706779
-277.426107888486
0
-279.111462896809
-382.572431429497
-511.539299507784
-553.252284738305
-520.56530648935
-616.156034115942
-476.317009837217
-571.064524527181
-378.116268487353
-303.347582249122
-204.781668459075
-493.753530675362
-332.46588819834
-431.545044034259
-286.957368317717
-312.837123050962
-226.147295597253
-147.766189858839
0
-178.227437056547
-149.627303248054
-172.9249099434
0
-412.580420067828
-574.631119808101
-145.070248445304
-364.203769887057
-125.575971801478
-110.188138317208
0
-101.832493730321
-95.4004271871734
-439.162977422172
-345.683528784743
-250.426424191551
-144.616242543712
-124.513040742757
-131.291581190802
-165.039546797374
-122.202290389874
-42.4355742777595
-23.4243312910109
1.38399710515766
-9.77639855302864
-4.57237188748815
-4.79270533386972
-45.9136691349796
-1.83331385867845
-1.62272650522891
1.09490524245174
-83.7126422335992
-40.1777805167884
-187.462101766872
-321.994844597454
-3.63448865062908
-2.32226144954081
-1.9909800514958
-7.82799864736153
-6.92626009634078
-9.35681309779394
-16.55604690144
-1.69403658789058
-137.704924473776
-16.955624956912
-90.1190530789702
-92.8427663162469
-0.611721967042569
-16.3603212486237
-41.9799049088345
-2.00053085768395
-27.7080858890633
-70.6660032445655
-23.3477299278996
-8.38429825128636
-85.2297063215751
-12.0325095385674
7.66806644190122
-4.0907434529211
-5.27203029299894
-62.6946942702037
-25.2961822822362
-6.08911322267426
-1.38078824869315
-8.35103279766225
-126.881188058727
-4.02005469029812
-3.36183010824025
-2.92543528410566
-0.671205484899338
-0.963485468643051
-1.23840159156971
-221.569037676875
-72.2956664877103
-2.90162135860351
-25.4762020636097
-0.597568219325662
-16.025945425828
-5.43067150942323
-72.7974582838893
-144.788660004651
-183.833132677601
-134.762830098674
-30.7634769029667
-113.677718257323
-56.4378785638987
-51.2786134866544
-4.63176975254507
-7.84486675840025
-10.5916066421278
-5.93148521188635
-9.14016310484731
-0.136891412042202
1.13172594180886
-0.600187618759529
-5.77599233797411
-5.15386700785462
-4.55182654603341
-8.69031070631999
-6.11695092056047
-2.75129704989589
-119.846082318183
-12.2888785509729
-15.6128831509539
-130.851720608872
-43.9624708083095
-79.1357788328857
-5.30905524396632
-143.22404962031
-3.20836746693734
-4.84529550397116
-4.93904071290324
-180.553580459575
-1.74162016676518
-1.03196464664532
0.545469278812214
0
0.56495862786577
-3.85266732358262
2.60790720217445
-6.97717294673337
-19.5528192933851
-1.35587650657516
-4.90031068406436
0.879830382175953
-4.57165130053637
-4.67282787443936
-5.00637233970858
-4.77547353862238
-5.13462420505616
-1.53959452870001
-343.652389941869
0.489371060203457
-76.681593708639
-284.637585955649
-0.100334662599036
-0.637571930376398
0.0996613602617125
-108.775906410995
0.45266333209952
-687.995297926633
-489.43927985826
-123.83417103684
-4.26428192571538
-524.12820709216
-0.274590377859886
-0.657158121850018
-548.108689431723
-580.146233029229
-620.363284196768
-187.811723053548
-212.970466246008
-157.792320353129
-160.429435534563
-92.0962028202633
-8.06106394207345
-201.404470552404
-492.933737721725
-361.012849659484
-6.52549373025239
-3.40559937193927
-7.83832381127932
-2.16225348607377
-190.525220438931
-161.382086053591
-5.43923030815007
-4.57016785981131
-133.398110398167
-6.32642726263341
-5.36014300899424
-5.33558179995427
-0.0893265466595333
-72.8299016918984
-46.8343164608658
3.04503154050532
-142.727820863372
-3.21790296561748
-262.518514881169
-240.502390033394
-64.4453358817009
-238.935341558917
-2.16995466062284
5.98147155522927
-10.5356947609837
-1.48111468697192
-2.98361282270008
-6.1828495081261
-2.19547245466555
-66.6160188015232
-17.6135267026825
-26.6324408001215
-26.4051447204858
0.510879579619081
-5.11298366952646
-1.48280697199055
-16.2999702038246
-40.2721630645872
-40.3994531565181
-62.9009011629038
-51.5577823639414
-59.684197396937
-0.956201795671959
-34.2515148089645
-117.919893828231
5.53120953210635
-107.399541991176
-103.302678914981
-91.9253825511079
-102.22762374284
-258.561609844686
-290.488046406146
-131.535064040537
-8.07604458024355
-6.08089505113898
-40.0229570247232
-126.782031371337
2.21707682962735
-1.72358582958115
1.81073897682239
-0.727032665759077
-17.4864005540284
-6.2321560475174
0.632581501316862
2.23234885045921
1.38456030804987
0.718501434329891
-0.375701076773703
-0.640821196026593
-1.52654973436015
-164.711209241679
-241.210643654425
-249.349106839215
-52.8867809086569
-22.939640621258
-211.77536651847
0.310638593553967
-92.9305977937853
-55.3742772379987
-5.82166337244338
-7.70996228539458
-231.697348656366
-7.89641820026624
-3.7396535088752
-243.43935675305
-5.79597599633701
-62.2374534983287
-63.2994421479772
-57.7631553849428
-1.55849390771756
-1.53688718034815
-1.50264494853919
-7.40635642217533
-264.889803888971
-90.7330551741114
-4.93735239103319
-205.876778421614
-36.2361979144395
-10.0406358370056
-1.66425620124869
8.55844391626838
-17.2754869059968
-7.45789655871613
-96.2344376248103
-17.4052611175907
-9.82313045816574
-6.1317728880331
-3.10487831322036
-16.0969885901915
-15.4419357588158
-2.34617718695786
-0.423959246969268
-0.661300728325963
-1.61518890170524
-53.9673962522331
-9.46702512612047
-25.4348701369623
-1.46712179593459
-7.33098748674279
-0.72701598095989
0.386446216959409
-11.3372296518202
-17.2715673744549
-8.1071872689338
-16.3494722515683
-17.1084873129698
-6.21485694236529
-1.30044423236497
-1.12010876900248
-10.9882121840721
-55.9514811612382
-23.4732992163784
-194.607946903568
-0.909270701806463
-4.35261674052612
-213.162242155638
2.97581567994019
-1.19041311223788
0.855740149627729
-2.484999138356
0.323943459578522
0.220037687991005
-300.39843749621
2.88915029290411
-3.93216927539393
-167.115235304064
-5.83445422271303
-5.02957660918555
-189.486715353289
-169.855191707265
-640.88912015835
-617.314295141665
-577.979457898097
-607.554376933865
-597.275397286388
-179.412286311371
-236.867702271148
-0.891827370239021
-6.58861006844989
-78.0252395267054
-32.8835693943882
-81.2245009334391
-8.80261210270078
-2.04804526585042
-197.363640907846
-182.398885458508
-0.7671894711963
0.0831971527488529
9.20848796697183
12.103620586897
-1.5923491633788
-8.55682084897332
1.18416349748857
-19.7671094253691
-81.2462249444717
-166.135733891712
-5.61158603000525
-5.77766584661196
6.90437837285778
-144.649673742967
-7.51209649989264
-1.47304920852718
-43.3372442895474
-37.1713353215902
-42.8944823487796
-18.0240558794431
-13.3319290195987
-15.4339220009304
-4.25401396034463
-43.4652905129539
-6.10397522563012
-0.750385923494438
-1.25752831335901
-1.72323638262916
-57.8599097107051
-71.6702854906939
-21.7412349537718
-7.52561655452075
-42.8997203462568
-1.84965457228678
-82.0966357269524
-78.1710599107403
-81.2785890807202
-55.5241168893752
-55.7805934134701
-18.8592951892944
-1.66798019895307
-1.59047211347037
-3.46348614358249
-13.7854613903077
-5.9319286876532
-1.47248615724625
-4.64723118556141
-8.23473028083376
-14.5624129704893
-2.40055018559504
-4.54475249928224
0.60750762510094
1.89971232288021
2.90934797822006
3.76795088705503
3.07311818884249
-12.1029072474524
-68.0012698889009
-58.5705904284283
-98.7731686862204
-223.06661049924
-39.0611145116244
-216.066318530505
-260.101719955124
-309.646346916538
-306.364287986364
-6.00865819258418
-40.2238647887094
-39.4755919323252
-72.9497026549697
1.07901411863916
-1.58274511919673
-1.5439869248326
-11.6002707648131
-4.73979129007798
-2.26593414206405
-8.49025465998347
-77.6314666983308
-2.07966487953119
-2.12334270139851
-1.41243554532569
-1.31260728744811
-2.01312751347131
-1.25676932423557
2.45510918567343
-51.1134475147496
-7.52521153328273
-4.12361935227441
-3.63917803880488
-2.24048629041889
-4.84418456251903
-80.6938340693913
0.345475359102176
-11.6102891611843
-11.8378764654317
-11.576633881505
5.91913080085757
7.33209319682404
10.2805720392502
-0.843172364821502
-98.5441039967922
-8.58971073688835
-94.4270576919787
-1.4646523240156
-8.59644167932711
-0.339373229691539
-14.8940029955966
-9.32872146700757
-132.848466067722
-184.255413393638
-113.776879505851
-43.4201399578864
-39.2863547883012
-10.0399857186947
-1.2344756935302
-1.93661717493691
-15.9117628841067
7.89307262413861
-11.7816353752852
-8.19176907632442
-123.975148390121
0
0
-521.440807910029
-322.054554273657
-11.6355013220814
-10.9242876224836
-19.8433938096052
2.19626870545287
-9.08134163753452
-24.183959217166
6.75417503797049
-12.2708766085599
-121.107225591106
-78.087437267877
-60.8025829441893
-2.37114843137808
-1.4413383466555
-18.4707674682984
-93.5650078133316
-1.41978996896827
-1.35453836664389
-0.235513422826232
-1.27715723271258
-17.3757180804049
-74.3232752007109
2.40104808327799
-6.4494562025662
-187.782641795204
-227.560811773694
-279.407377137033
-229.132203800734
-177.910219540946
-196.329315863338
-257.510210377812
-207.253249974353
-162.585019291064
-60.6233908903746
0.725618231127301
-0.0259295104546602
-1.3363648778309
-7.07764778105607
-10.7246481503032
-188.429035778767
-219.736814453919
-22.830217046498
-22.2679051510829
7.02033240116632
7.66584188875775
-17.9506386485009
-0.0911573551977587
-150.420936666329
-13.7970149098163
7.09796739431463
4.29871895808053
4.20584577822007
4.33243499792154
-0.428139914291928
-40.5846339963332
-16.9998001090961
-0.0541335719195687
-106.010832879531
-2.16841769206583
-143.216677492907
-8.83172341542171
6.29541102016098
-2.48277508332443
-225.726212701321
-8.61689659797097
-8.99205164510862
-228.83464300825
-1.85517333803447
-5.76716882142045
-14.9522766280794
-2.2952524728166
-2.37955440483336
-90.8188147614016
-1.73814192233705
-105.999331000107
-138.426030976839
-3.12063276530377
-9.53031653644492
-142.798534777907
-175.181903004426
-149.504512506204
-6.56482104745921
-2.49347083799588
-23.4095062970657
-2.43813500641406
-127.372646065521
-2.20283226615608
-2.10903790751605
-2.38244743886506
-2.52263901390451
-14.6835008594333
-16.0106843046561
2.93157031768193
-7.20053082914887
-8.1088301454566
-24.8910341154363
-111.270229728401
-3.44819348437501
0.204697314426396
9.36367921886839
3.43011527294989
-80.017810658119
4.63339628383544
1.3509551876265
-1.9677850225709
-22.1466909211002
-1.88199374124319
-136.75451755459
-0.970751862513706
-5.06095717895962
-54.280056901597
-39.5521188032279
-33.2603713569175
-40.3253332613851
-40.3195770780381
-40.5625431738067
-16.0864414956488
7.12094248386977
0.107150495146459
-0.131592308559102
-109.612423243369
-110.058785561614
-38.3101935464598
-0.536486464662821
-226.505632412614
-78.2001235939799
-1.86023545502412
8.1531202925849
-233.800138040977
-32.493606126732
-109.409942053162
-2.96550565021237
-4.409426561156
-4.17378579039198
-6.15076989591805
-278.809630193336
-35.5582157150236
-48.0211627429631
-56.9701352571476
-83.7652428485181
-0.509605259279064
-24.8939038435982
-7.11366143179585
-23.4480343610742
-99.7098136974719
-8.38372843158427
-0.712871537290464
-188.286404714652
-331.554273538965
-65.883468122121
-38.9075692151296
-48.0973804214464
-46.2432601698115
-74.8940400274519
-39.253441978064
-3.25695219511124
-158.023537214546
-13.1361486060627
-1.08740023025996
-254.600285927036
-604.043202375163
-0.320573704374605
-739.171188310646
-570.57808859957
0.26400731200523
0.150503026932313
1.16142983255934
0.262699867454012
-0.225465193263997
6.0313913388652
1.55044271949811
6.10665845735224
4.61853046345037
8.05145618981367
2.50653548556006
-0.247828902386807
1.39666182052742
0.0933695410634811
0.342440296278891
0.358606689640456
0.474589102602896
0.104165556638721
0.92404465576119
-7.90995888597241
-23.9860959570776
-0.439085692908422
0.595081289647961
0
-2.75543617720132
-25.3043074956461
-78.9246146128288
-23.945656020436
-7.67816033544344
1.68536128614411
0.152069153255949
0.565848252630673
-0.539587232944667
0
0
-347.051717556874
0
-1.26768625506896
-254.699349097547
-223.660308825975
1.12012617899026
8.08177257787538
-9.35562147499428
-8.93968147492816
-469.091953766296
-3.25934849016165
-52.5161626107318
-49.8259239602338
-74.9502968632327
-6.25353650848884
-33.0197610799166
-202.739540267346
-236.005200598924
0
0
-0.958676774348195
-2.40126896923139
-138.724027415533
-5.37425548973092
-364.902023608255
-2.17115905642095
-3.91025419454984
-2.84962983984671
0.0301981289726812
0.117537439115306
-3.87418474144971
-3.24277796636398
-2.10752678209781
-0.409910181284255
-0.877644410618248
-5.73854981409222
-1.59957352968272
-494.389148624934
0.192571417563554
0.920954305005769
-53.7069149954878
0
-5.58836084548564
-8.68618366650312
-458.630176268758
4.88833672707139
4.21813192093737
0.313101817498636
0
0.593966702216252
-0.853787465198384
-1.34816519803239
-227.571707418884
-51.1499189154846
-0.317168168338915
-0.716365439181229
-1.69172868294591
0
-127.583121506588
0.0579747879301756
-151.112337032804
-43.5004631828818
1.26330406212709
-3.30764178199504
-486.819162065202
-535.932327161754
-5.32828449952286
-4.98928535246965
-7.57101034439965
-536.140646763534
-531.758843567111
-486.948164676053
-485.583376713032
-473.857726038588
-3.9409937503785
-4.02414800952877
-6.65805066997614
0
-340.221875491073
-205.4157727045
2.42608648664851
-4.45670891612766
-644.231723427451
0
-0.858543935512347
-4.17672786431127
-2.48432411172949
-77.813157509417
-75.8290854786809
-513.491951621394
0
24.9659383064
-8.17586090196754
-36.708297159726
-390.848441107904
-8.7063880310489
-414.567621497775
-0.802216966380686
-0.564736590043888
-340.160060306044
-1.05915291271157
-286.677740998775
0.753272858142686
-226.368144633244
-34.294114623296
-19.9020792293504
-45.1646493573254
0.650564579715629
-4.39118240373562
-0.576304886691414
-539.77011865945
-1.77171410260842
0
2.77840147227735
-0.103252485685432
-0.200003359907148
-8.03461915444529
-7.07245411412796
-268.203720755704
-267.466640652172
-4.7740523477385
-8.51993791489136
-24.2721968911098
-25.650520948176
-316.959740375137
6.43729461436834
-6.10556359446407
-34.5234009154912
-2.55208067224014
-461.398209447634
-282.911013867865
-0.736692414451439
-132.931977731728
-2.44296174686758
-3.25809920261688
-5.56653498285149
-332.139005927933
0.454960604480597
0
-7.53376249419272
0
0.167989867589676
7.9013976387731
-649.937239862679
-0.220598806641987
0.174072069240147
0.623606273436701
-2.86887176642167
-0.378699405878145
0.604642433411691
-8.52722343221247
-4.99134758933831
-370.022089578534
0.415870621317668
-54.3051286643162
-43.7764994932591
11.1013357101122
10.7262855968415
-2.52182852672962
-11.6732907111643
-21.2549145298955
-272.667902671211
-7.2064116112017
-7.19299710050332
-150.930753535707
-0.491805114977455
-300.372491210128
-1.87426808023784
-310.773875748111
-259.949686137536
0.291673584120771
0
-536.82937011334
-331.879746017328
-464.766755305972
-126.85345264932
-43.3038751294496
-156.880080838867
-311.531500769817
-411.927457960062
-1.19297878799377
-7.23445836771088
-718.318238793515
-2.06716603569523
3.75964498175903
-115.322016153673
-99.6468824192443
1.16360067330173
-1.12443140995816
-507.631783707401
-620.170275360309
-85.8216219785805
-187.923360570151
-167.819276928411
-3.77223426357078
-2.83687433906201
-1.88348468379336
-4.93608949030913
-3.34354871126245
-481.610828050394
-720.030459984729
-114.95221726477
-436.569003238572
-373.861631485198
-5.69230785808491
-60.2161910376397
-141.725980440477
-1.82467249382938
4.55490368971902
0.412579035909313
0.139740768165317
-73.6838974408276
-98.4571399996537
0
-6.97677006201551
-5.65400364485793
-27.7993821422176
0.895354601487552
-0.515972185918461
-577.478751699004
-552.072983556393
-47.6652627842836
-0.0652569069861065
-2.04646453525476
1.69808474406992
-0.0539218984306678
-503.4398897645
-471.50079561134
-55.2685982041821
-15.662900756978
-160.281117201404
-483.645528150002
-485.678610948216
-5.34714210181298
-480.028704123945
-126.95614324422
0.42175839384578
0.147472687425713
-154.652725819172
2.54623133454681
4.50181458929589
-540.467501813951
-48.1970716578777
-540.656732246143
-134.667885457173
-7.94656539309833
-603.290313296911
-84.0845514637125
0
-111.268819953948
-0.0629665361914415
-3.20737964953369
-528.865752602538
-608.47660531135
-136.027144338935
-570.732256167906
-168.94514922178
-198.215146235997
-629.488102752245
-520.020107785834
1.02976362855801
0.430473717537387
-539.146997882443
-101.004860871098
-654.59156045481
-192.144389037323
-1.530324633147
-16.2290131162187
-660.466563055829
-640.293253564097
-26.7955700644152
-79.8100200047335
-142.757316504513
-226.001812294331
-116.947075333221
-1.07240907765745
-110.266294418686
0.436173263158795
-295.61710058862
-3.21331293893296
1.9131494822346
4.87643470452626
-41.0332278368791
-25.6573108471437
-10.8680991519801
-2.17271892993728
-7.78778866288326
-124.194278685527
3.01274231992426
-61.8301611084934
-2.50175458384735
-1.22986042833432
-1.21962300490613
-6.62539360123009
-1.93172069275788
-24.7134062073205
-1.43992507525239
-25.0126637439405
-1.64976836262451
-10.4589851731298
-10.5474880859831
4.76474299016811
-15.04083149046
-101.188471064929
4.0485691420451
-265.86489026863
-0.168444294750575
-11.7295847404518
-308.544589936261
-182.103334457679
-6.41484578431977
-0.463896601467913
-23.2146920863745
-0.7687616649829
-6.54680357327729
-8.46200810442041
-113.080211662056
-6.60825992646902
-319.248156962823
10.3809186881667
-4.46454349806287
-21.0872219475713
-1.19907621598105
10.8642303307876
-6.17430431209649
2.82805772711221
-1.85095200145324
-10.0428048661061
-8.00403042327111
-6.97824524933099
6.10933050512398
-121.164417487642
-73.1773088493773
-1.73445112764777
0.0344423784033962
2.04602507061766
-57.691433664999
-32.5639540235857
-0.983993962921465
-5.14842384386988
-44.3788506261809
-6.98582410743936
-9.57677055721547
1.31834836810582
2.80865281416284
2.26893013723759
-271.400805952929
-218.444087036044
-14.4373307333988
-3.64769223882946
-85.9462092489439
-38.9447526713518
-130.570989088465
-0.524530715815515
10.0416594088815
-193.957973224197
-6.70656545825223
-7.8780919930081
-30.7775353877636
-29.4883314502042
2.24823573145253
1.33740797417573
-2.21743339478022
-3.82511522411893
-3.85335527339336
0.291605638782852
0.260743229599786
-170.883426699116
-20.1124991662896
24.1301958372855
-348.532637559683
10.607430415157
-9.46181366945478
-27.400551355761
-63.0950400632835
-8.10200373086434
-5.86902648866307
-4.8223090163468
-199.783862486262
-39.4994272832178
-238.901341266645
-0.562300986383541
-4.99394813871983
-4.9954087477579
-2.12690760827585
-3.69537373018348
-1.25093284831981
-3.46205372780794
0.770350650188159
-6.17697099912046
-148.511141145858
-1.21478054107908
12.5466500525801
0.452135492745706
0
0.413995215913452
-39.4272585190734
-7.53148318351311
-23.2401060016157
-5.57683916945911
-1.66734095902536
-235.35041175759
-1.41771298692541
0.149302885757928
-2.48157275371489
9.91496837015509
0.532232693292141
-1.3525315179266
-13.7781567694293
-16.5299548741819
-17.0499925599028
-3.38572229011596
-2.36378090146884
-227.487283844588
1.39481949647547
-2.4579005873735
-2.84466202633256
-14.2222071292753
-344.070875259443
-351.55070845186
-21.1662451336777
0.322283593315916
9.72245088274751
-12.4890952135427
-3.76223026240372
-380.514566738044
6.77947582222832
-58.1274367430007
-0.839843153163545
-2.45643743416162
-1.31963235479513
-1.01259024588101
2.59256388985377
-0.280695320655309
1.58266964915762
-13.80598453658
-7.26957212402279
-24.494553693672
-68.0857482108536
-92.9890942727903
-87.32702952427
-3.15217464388709
-80.0582644489789
-10.7958675138052
6.37963092454265
-0.649315746660328
-1.3191266659637
-148.369920879685
1.03112137471287
-3.91364634487706
-0.675933409035078
-104.907873693013
-121.660217133505
-7.08315749837746
-248.882364490659
-216.335787664999
6.98800648475868
-33.0281354921131
-18.5376814878384
-77.5145653498007
-77.7664363131896
-2.18859904740907
-12.8882101163427
-15.1123709492155
-130.739431050369
-44.2710473593279
-28.9784805022234
-1.93997592256384
-2.16691431490555
0.336414289236895
-211.217494886478
-0.538144599197683
-13.7803879189806
-6.69399580849361
-19.265727161772
-2.75743189052287
-174.266018706618
-2.18442359083824
3.38843640162746
2.10795339652709
-110.421164959171
-8.0714500022136
-0.153424381671423
-5.15371976873302
-150.01271566293
1.17306618530252
-220.49225531947
-1.79285505132963
-79.3827711634748
-2.09317964596061
0
9.589333039593
-39.7779240366386
3.76299666627233
-26.7898233572915
-0.103286023862566
-8.61968679467726
-10.471440743417
-1.65704792478532
-65.7529825412014
0
-7.27249080669045
-9.74418168365468
-8.82491871828362
-5.02405749456978
-12.2945350971801
-38.4579571467248
-77.5393026372671
0
-1.23321389448513
-3.05021692655863
-10.8018991239858
-7.53671917390803
-6.10099216529397
-200.388996033389
-178.923321266748
-1.97918768289911
-27.4725857191765
-19.1137819406998
-5.86087369573929
-7.33843779689403
-189.143959794796
-17.0175054500386
-6.41149566554247
-175.543483393808
-1.6733140417554
-8.83676670328711
-323.603729566921
-0.669970955062635
-24.6667244542739
-9.14484520682791
-1.40698092085938
-39.3647212089235
-96.239780459229
-1.10847902604079
-168.27771709256
0
0
0
204.181794386365
236.862861614317
201.797644422859
199.629262235244
190.448129979058
192.63126807999
168.365310006075
189.594069097555
143.230880582438
144.756159998581
113.566078372949
99.4235460973814
104.481447673856
87.912864388057
86.7384783723673
82.026642562905
78.9105073551545
70.8069811738737
63.2952251581308
62.0227105448876
59.1241080372167
214.73544858639
49.2763951878204
50.8790508509981
41.7574346423863
41.1712832346912
35.6585709833774
35.1109930254467
31.7195096467134
29.3565891707847
26.2877567185074
26.3649622778755
24.7530119929037
24.2937223830872
22.3547486274254
22.7360445384075
20.6498002532716
21.398016305057
18.4711332344266
19.8534567076704
16.8637804130913
18.5102019121799
15.3194396022392
16.236417671936
13.0301775495137
13.8723363113611
11.0766912906187
12.6173048720543
10.2978829910544
12.5650914863057
11.034997770309
206.817957943832
12.7667542062818
11.131765328909
11.5341383422978
9.13532031294699
7.23042929580729
6.63224813074562
4.80344003630802
4.43642786902427
3.99085825555492
3.73067786469239
3.60259343101253
3.38089414489162
59.3987556763571
13.279595438628
22.3719108156549
10.3980731017231
18.6337038796425
58.1574912873922
27.15361306958
0.590115920400362
1.00851418147824
3.0581392410191
0.0160459288823734
4.34763158724779
3.52667397983673
6.55947603338918
5.89315520075562
9.10360737882102
8.1913604591859
10.5676792549262
8.61514193230694
7.71327334610067
2.90394398848968
-0.487563874353461
-1.28374062017989
-2.39641542373705
-1.65498300634673
3.62709025220418
2.36454200121087
-5.00668683298097
-7.19525817610242
-5.20648012304992
-4.80912145875728
-3.79400989677918
-4.00348715010578
-10.3735573497339
-5.92684420314827
-31.4286598298027
-3.34952206813962
-7.60326113155465
0.522697985173962
-10.6250281465941
-13.3336688619317
-39.0436264528257
-43.237215125527
-35.4860326167211
-88.1443647534196
-10.2608530118774
7.07170596669362
6.53012676290774
4.18439795984756
0.925750277883482
-4.25268242721067
-4.17848601437569
-7.40755758730523
-18.6446865020526
-14.1865278559194
-10.3532797046483
-5.29026476672404
-3.62565707657901
-14.223088915688
-1.64276044331867
-3.88750707031155
-2.04339603985178
-5.14793084463292
-3.74164235715714
-11.4268564807524
-3.78104744277287
3.95318892015247
-5.57574916934955
-2.36332405299172
8.4743050756972
-2.84336424036624
-2.4619022967437
100.60953798157
17.3021176952919
-5.09111691408949
-1.55453352973022
0.33615222254638
-39.4907689097704
-20.765661957704
41.0655045480565
535.428639730288
916.83745807536
1058.55195889552
1098.63526858904
1127.8265237689
1156.75068730694
1151.31889669676
1149.22798973482
1139.0168524007
1119.72344202741
1130.533600776
923.447213064029
532.861461057513
1139.10751813903
-19.1731360401604
-1.00215393100435
-0.375390059614291
0.822859763846923
2.36958293644504
6.68512071058456
6.07399569754508
8.11394056210944
4.29326417743122
5.72319643929478
4.4582352792905
5.75394144578473
4.66162850988777
5.47276337063169
5.81482171516423
4.93839282846517
4.54541922461793
0.885830072842717
1077.03176339851
4.21518511130963
5.869147388205
6.14330935221285
-0.506264774601157
5.43071058787633
12.7714801642808
4.37752079967984
-16.5497091299073
0.74467373560277
-31.6620449117746
-27.7094134033523
-59.4924904110335
-39.855460830013
-61.4463861514187
-73.0745535958331
-43.1523664377908
-128.825971567404
-11.4208824868213
-135.107177412542
37.3256220279528
-72.0692578080266
857.733203536436
555.124262155303
364.817977991566
1.54075014020803
3.43174468125418
601.856474220474
501.443367151962
593.422166745117
509.358262296064
9.41116221244549
24.3208167158605
582.282913793568
512.438902602382
622.598313385975
1066.90968258774
549.341634930115
514.449317786464
3.82524914370484
534.404774385373
504.401679956143
104.923557329643
468.9972735505
458.537418629052
-0.881787234157146
7.44755088565467
-1.22757937383666
7.81409426461901
5.277169567768
10.9120334215525
9.71208667246676
29.9994174604905
40.9144282030455
60.6925370333741
53.4471777215813
38.2169131649843
398.563485987721
401.877823345618
438.643445438365
378.336766990588
324.614570614272
305.752124333619
349.545342139526
309.367607522841
331.052521887026
297.788490106007
271.660475114531
264.136315692285
282.148607470145
257.423127511362
226.229099220123
229.282674066676
0.642732284709595
-0.837296078732468
-0.817973341525799
262.310174960875
0.700674952136577
-0.168045024093683
8.4380159110871
4.14691375691634
14.3507010632375
9.75402783931911
16.6020977000311
13.9270913872945
16.4929108034896
15.8217015073252
17.8418829879393
16.4570990098448
17.9655028156266
15.5975137898149
18.70781417293
15.4730994292422
17.742420041392
19.1207116507454
17.0377751832853
19.8461697175287
20.7642135998017
18.0625973421674
0.401653043961314
15.8822884591883
17.1851070399235
13.1949968922593
14.5822171178518
10.3247607113608
9.94356759998684
9.17442156136292
9.88962560847464
14.6319283249088
10.6192645856385
11.3731983565106
12.4152743524634
13.8428674604505
15.9785860591918
17.0105701192991
11.3982523906031
389.193544176762
15.3448432834254
18.8706294256433
16.9224595600607
21.2454029540493
23.4637577971363
24.6063467985921
26.0097259324923
22.8022956842953
26.4326397266234
24.8472980717598
26.7192041965507
24.7442302978824
27.7991173548834
24.711892409731
24.3305576987664
22.9080225250593
23.570112642418
20.1332346550391
19.4423857588376
13.9499123821492
21.2024653650624
0
38.6201847518211
0
0
0
0
29.5335094088385
32.1417909405649
854.531088493415
0.956620902849938
1.51363705781213
15.2307410764497
27.3696345555936
8.10469642263179
14.7423361172012
18.1310007884631
15.7455490019677
3.51935277083143
13.5963508402304
33.4673584848945
44.8243992559369
5.34806032177268
50.3259800254056
59.3991860299053
191.411090697604
197.108452952136
74.6682332224093
63.253948761259
75.3255705015608
82.9801322225412
75.4177388591612
72.0279248668118
8.46272439493552
72.1884218362932
78.6630164539464
27.4362185826079
35.0258156642736
36.9964622032556
62.9339700910598
981.895228421544
41.8925216157183
24.0331851870877
31.4979290995773
29.9219556292759
891.44326803209
1048.63806987671
60.1904927304014
1.00365393354295
0.905374071812092
53.2308164662725
75.8948379471076
83.3644024604121
37.556847378791
422.640796020289
78.1721716955278
1024.42085135991
1027.13587928542
170.187216202349
168.733508228607
18.3531866241892
38.344174178148
1018.82735055195
1009.83059678548
967.148986640528
985.217373669634
882.577949655011
909.889020219097
821.876364029635
843.939587693203
758.483701366924
776.182429910106
849.493357043497
563.132967410914
659.194318999762
768.752473981468
109.429012165191
-0.942886903599496
9.04898812385926
11.0399980824878
0
1008.79015335998
12.6109675329544
80.6847294039681
92.2311683096422
88.2798523510893
97.0870257672531
84.2231538689715
89.8077388948089
101.417714028881
72.4760303044231
94.807482665107
49.025630128277
36.1464395568382
74.0088454411213
186.345659053739
41.4942614803251
50.6969594419652
832.321081894147
7.45761925456738
2.69839169031967
7.99815364552553
0
19.1304180532051
168.191193111312
2.3619815333665
7.18310746125695
15.0761406835921
18.3334023791674
22.6179121495658
22.3381700691592
25.7664307450134
27.2667650569997
32.4658267628364
37.0133286234946
27.8726840654465
21.1481651517959
14.382959491446
6.20328552631238
0
0
25.4999115527308
11.0654782736151
24.8574255716308
0
624.187098407485
151.557774483603
144.774286865224
185.488549777065
148.692818148002
172.958591554558
154.338338169884
116.059783583849
132.427165303492
94.9172922095333
17.6968549843237
157.712531452289
-4.52763667100174
28.9506143782396
26.1846178359369
28.6309499608174
102.100649116384
81.4818360786853
433.217466313861
720.667511930525
723.178193853948
4.79914851235401
62.7779919549514
13.6272109743798
15.1399692251219
11.8470540368993
10.8564645077161
9.07371738213922
9.05614069021987
8.05582198501158
7.93190208565162
7.3994842156079
6.97986099833416
7.59151955168685
6.77124797363579
6.88893821090106
5.82130548248616
6.99276117572595
6.55370736182056
4.91581485322215
5.45793159630818
3.46386270572391
5.49983407694914
7.28196008910516
7.07072221956386
8.01518973929452
8.33500020492176
8.31940575822002
8.65353743487685
8.51375978927093
9.33131749120547
9.66715240900189
9.57204369286402
8.9816313752867
8.3049714976486
9.18758524065236
9.24923229147498
7.43825156062044
9.12159416301991
6.21471659532752
8.90869396157129
5.30336934667524
10.0584105730426
8.20948699672982
1.78749273177938
7.50072063805609
-1.46874870013877
1.79214744586646
-1.50139021055944
0.321086097054559
8.77260787537924
-0.925033944098901
4.93861103088891
681.309609535482
5.12640110890517
27.7857267397428
47.9694364094324
846.592194526393
755.439204051609
12.1993333283832
85.5466158331959
-1.37244405194416
391.986727244182
3.96261508107864
2.34743254601891
3.97678737033123
1.1932974984866
6.35682352312888
15.3677494079709
28.7319582117381
21.3292020477915
891.258147801426
788.392124584105
8.71447278182365
684.801849370232
201.057577091099
613.510606593984
438.447104901573
4.08550498836153
3.86242158704134
133.124431813851
2.20085653726671
9.24258905348634
8.09345908128304
28.8476040166195
7.30544984590003
9.19337291185774
8.46395247746248
-7.16412748137666
19.8243052667341
20.688381089246
14.9697495587017
21.6835298326933
2.8165104159453
-1.09504368335024
-7.70441019075579
892.301750858974
782.738804613996
950.83570049443
24.8830532277536
2.29924673357409
28.6353850915005
41.2985529734029
5.29196746435556
5.6442109305904
6.20561970433034
3.76910084983149
14.3037568032864
12.5928041682096
7.46737383341559
9.41917694688257
5.28030166095043
6.71932632260142
-3.86235392372521
85.3315824532476
68.9831765129633
102.782345237975
17.5586825607035
744.328149430729
71.1329197226045
4.14142742187367
6.57642840674355
89.0887244196598
38.7193905074258
7.67158391167584
7.76697371615839
-1.79040457593409
-0.709000497363648
3.08811727161734
126.321189968199
74.2353868975671
56.6269139547961
1.70309763746846
-2.31232824858087
941.441787493724
939.996300422389
3.89274433230113
3.06695056529275
168.863999573168
110.107115093825
102.532230135106
28.3035609345105
9.57497638602499
3.53020606211781
5.03041183814051
3.38534639288679
5.25983303660091
11.0225939011851
16.3886382645291
9.4702977854821
9.85264084357328
7.94516929754156
9.15312808752977
10.9863235094357
11.2288183776168
11.173157825967
11.6065550019888
11.8103181737056
13.2443236995527
11.2977999334358
-2.24347349901352
-1.90665563991849
-3.14143033536239
-2.66168518519408
-4.76340834043041
12.86836169718
8.40997472753519
74.3646194929588
3.92247271235155
28.1950233732567
31.3559059303256
26.075412091298
29.1079617271964
30.4095890505505
25.0014529211349
29.157138157285
24.8581713955671
-1.89351477705102
28.5536560228318
-0.134716213747573
0.689713228153008
-1.9041939980757
65.4935644511921
8.12682603483415
29.0614870451005
70.0602854295755
56.9710419500266
26.2076933199148
28.648727831605
27.1163332200681
29.8231775108533
27.5521868851846
33.5360300676446
34.6103781912534
35.8316644607121
43.9790964015958
42.8090117809151
41.0795523939945
51.3860468039323
53.0924168980569
47.3601373638392
53.5601855387406
46.8184030170842
49.706904734039
52.6033940001317
54.562083983769
48.5473624493825
52.1051314984958
41.7658306526433
50.3929447364296
50.6837188225401
41.9156728910536
50.4480133973259
51.6362247006674
95.1551729861733
76.0647985696219
0
0
0
48.3312858302813
14.955337514088
11.8266326198789
2.17707151812493
12.7100470121685
22.336533800215
13.8700878234668
4.50452534747065
-2.27416617744731
-2.83974790988958
3.69571415312414
7.25452602226861
3.08548437408785
8.73318214974553
4.63771645042734
15.3607633358921
64.5006515012605
50.9597754852826
151.237623896565
121.382740511983
41.4754657213115
70.12384512201
7.58437018536731
4.1423718757074
4.06988266944202
6.15895253671408
24.1718767522239
30.6297988185853
38.2461582998261
31.37870354435
16.0566959205928
6.84950815827613
3.74205937631405
12.2894979382192
2.71271807263304
583.852609568177
45.1354339475863
84.1067080400649
16.3351455665802
17.5318632155607
0.782518964715395
2.57492047663899
4.12250057174628
-2.62724344057453
-1.5822945949016
-0.523477096847323
1.47062350161395
1.87734769950492
3.91577173256385
11.4891103280591
151.013580199999
944.473968060934
897.411055946136
24.9931832517536
29.4553209186107
21.9460173468382
8.8791317434986
7.73966377387713
11.0681535575751
4.18736485794654
5.20973167318527
891.377985516573
364.07362937118
52.8264660715328
9.90429564833931
9.96138469506283
6.11210781860883
-1.1746990694199
10.2143438384071
8.06250489613544
-5.17775220243566
44.9448453519302
49.7871135601426
75.241506133637
-15.2955648064846
-1.81006247191027
7.07421552585428
5.46181592022711
10.9034271782067
-0.1271852974567
1.74202644208057
7.14668678058327
-0.909888129355355
-0.749652325060258
19.072621738787
15.5246908711667
14.116040683109
50.0114937041807
45.2877168040095
35.3156019835001
33.9821114963823
-3.34092638573704
5.2853301059555
3.85198871287902
-0.33670590391763
18.0227694504917
7.05101730444656
76.8713817212844
76.8502848405994
70.0840908000673
-0.935753951708861
8.56619161682019
5.72886122722198
16.4740481936447
7.10953477716812
12.7728601243884
9.05234145652411
5.82754925144098
12.9072095189896
178.09684275328
25.2766730431067
28.513896617693
15.6564501219245
19.6084605475858
12.6436822549262
11.8669444899254
183.724334870669
4.72616510069689
17.1985132861013
11.3879698180565
23.7471671103311
8.85032011725736
7.23286298214887
4.96830034653246
13.804374542025
12.1786236655768
15.4817063913701
11.8036318860207
13.3649649792003
12.2548270016258
13.2127021854035
6.82355247612394
154.928064027946
0.469719728214651
1.45375873354474
1.74701841197313
9.24389184024052
8.99034852333289
7.51102326782455
8.97569551943192
10.7716490073531
8.38987617551492
9.67587994451813
9.3933211557006
5.5813605561985
626.662376446483
4.78744581249748
3.2839081189148
4.61586148916513
5.85992468177811
4.35770684724626
9.16912252913343
2.56199806434303
0.249876291805321
776.228603556241
7.82749095379113
1009.10945985048
116.439718713134
1071.98696191627
677.819419576877
1100.61094651528
1127.22047847421
1151.08371430484
1124.44935083327
905.229018678174
103.107192885765
1126.88306506091
1148.8603429363
1152.6377766702
1097.45775550716
537.564086147084
-5.82897261476852
685.987143587198
7.77396756847363
134.841134395028
874.054728456873
1007.17118214697
5.71941212265026
-7.57238826543961
10.5741558119972
1159.35648566889
8.43545858939439
213.81898381533
228.72687345598
1111.01480683903
13.9409090809854
13.7749860375565
472.508029031992
1096.89704782542
1061.82052010128
1040.00950613995
322.355993276548
160.074909336494
24.855416622569
-2.98414666478265
-3.4621447886252
-125.018320406328
-58.425856256583
-157.460397770083
2.52640857848922
2.23936850967571
162.154764128262
337.759113880501
40.1886274098026
31.407893984914
24.8140548134228
-3.46575499368286
333.487736768356
298.452437666673
283.955364670213
232.392482798353
201.381073332761
146.979873746239
14.4981601759574
-4.79205338656856
-5.82155886597849
-1.77071414781635
15.563467065122
-14.2415959795721
30.7396225926902
-7.60156665457703
-9.11616727967236
-10.0703467322524
-36.9151183434698
2.51738492333856
22.2368240046074
11.5604427938251
6.33389229432295
2.99643376455116
1.86142490952123
2.3816216959715
107.928130202587
10.1368889195317
15.5746800929869
42.9203735148266
37.8701646976404
-1.86133363412091
4.94861343341325
57.6940631911786
54.0458389477465
57.7539757769483
16.6945890956989
3.81112962662793
3.599267439979
24.0106971530514
3.64834296804733
8.5441115730578
-3.94841067500058
68.0274955186058
13.6067778879241
3.54700901606585
951.800649606183
975.792633448385
-0.702612576514865
3.38303558817895
89.7555015626536
-6.98016244272245
32.2083865298224
125.354720174792
19.8785600351125
1148.49755603283
1161.58667867147
-0.425359288770614
3.35287751989727
3.98214842709468
1.99468163674399
7.03375152646656
6.32531089726162
10.7949965487174
9.12315275690399
7.86579308520225
8.80661004476899
9.09579320601638
8.45929988479639
9.20225853906396
8.12317567701625
9.51148808126536
7.58907550238124
9.92406523955792
12.3240896009496
4.10554894661033
4.14491733888905
-0.900321745000182
6.33497747510512
12.9688234512626
5.7962676320379
11.1816265252638
7.40715109835187
77.5518777434458
-103.308948333924
24.6698640970077
1.1316464421204
23.4153300424744
21.9691584563054
1.8697665659033
3.68763074790862
5.5460031364358
-26.2572826707062
11.0161121572645
40.6797924061172
22.9898987793964
12.1337765330828
10.6078958865204
27.9448229418509
40.8788696266774
10.5983474434685
21.3765876040107
6.04461299343201
9.56098236448526
22.1909882541558
11.6118953343837
83.3525924092659
-0.46678663255582
96.466508906318
38.7552378989961
36.0282367990628
28.7534242256821
25.6775704575292
32.621241838395
8.74375698342431
6.47508370854316
16.0242367138047
17.1274660359159
23.2270615239743
2.05085582695451
1.8712260277641
30.3803334591315
61.7900191521218
225.8641704785
6.97298598489239
-1.70769189586607
-0.922071267276753
3.02296253522201
0.113183800605779
5.61490464619643
0
1049.52919829908
30.2372965715118
12.5082600090549
187.897651026371
9.66605236929264
4.5122793679946
26.0389794596516
39.0989134762633
9.1390322588425
8.34825352774195
9.62166408912658
8.58705369374272
7.41916969859311
8.41344140960097
217.474377844661
1.81576469507158
-1.32184826319734
9.34033558061122
9.27751718347337
14.4370224617934
12.0548881214754
32.2697062222434
-10.5079679027456
5.00046961678478
-2.31736011309418
9.26987367786899
9.08905167258161
7.76921860255997
-5.76646608410826
65.1280775079958
55.6530975548014
14.6949953266547
13.6558278639839
51.3349469035335
5.57099728487584
-202.443871769173
-69.4510739457655
24.3888890934986
14.9283114356785
15.1574950384035
-35.9867915583901
-9.94742702781154
14.2493754855431
-0.0409744531256632
13.3095756551159
48.4484193845231
159.638523711944
19.2341614089759
6.98504061420629
0.748117705035687
985.216466558371
1003.99976344431
18.3522539178819
965.788136829421
7.94070566802798
26.7939069548858
51.0785631852956
3.50079964188082
4.57742470265622
48.6083555501963
4.40488866738189
-2.78473646016872
50.6755990690433
0.0934918312498683
3.81342937242972
1.24009999575298
1.84539328983587
8.95168333489309
6.32518182647057
499.32243325333
472.436803594964
430.731609458702
435.565555956451
361.684650560945
502.565018476212
1004.45924458937
-0.95433190757557
5.03324616723673
-1.31412617447233
276.97404510305
9.7486003370207
9.91186968722527
9.31959123034082
14.2975785922546
24.610864041866
13.9847429687962
19.1979377870203
4.27002956607106
25.6429411926084
6.86338383688523
51.8724358142745
53.2368245153436
57.8227334899103
-20.3982852069295
3.34156554990711
65.8056300017344
5.94992766289382
8.3949247803452
3.44141756389108
-1.72180470943833
11.1282884693852
35.8910138055447
9.12219811166213
10.949798289044
69.7542843734406
71.0403630846497
-8.14834429100529
30.6773237924417
-10.7701634054294
65.7499299369495
24.0023848303598
130.066102116551
59.7049254315952
-0.426357724460388
33.5608190568146
46.3857658346747
19.5857702696691
271.089404234926
-3.32460767541694
1.60069555045655
6.18875099573409
0.896549817356548
45.4675694865362
40.3157129975571
36.4436062730918
35.7359005571814
33.7088268550905
35.4935064122744
33.48199569787
36.1850059263535
32.3150927604981
26.6380368685917
22.5421514399467
24.5734334852105
11.2239269592385
12.4948121151784
4.19721411565039
11.7088070164402
75.6289856212555
33.5691989677433
32.7586486124518
13.7356178545023
15.0346338969993
1.90963121253417
12.6106401787395
0.761884953487827
1.24185921729271
0
0
177.955354994161
88.00159061347
96.8333999355529
87.1249676021961
58.2188341712226
67.3137872707593
65.639952342547
73.9395575479946
73.7316364772353
79.9897091732209
63.7807509060936
4.97398298189049
7.85739828162333
7.1147359605549
7.4628955515419
8.17851120309185
7.41783606558846
1.21578020315998
67.2931326565816
77.5583923060772
78.1240264209004
0.943461803827492
1.30573227891
2.09065923952209
-1.73922086987102
79.1703880627911
1.04290924486849
2.25463783677529
-9.20324133310585
2.43147367675559
1.13580025008943
99.8200231426865
5.04603458183403
409.812762379219
373.511388066315
344.663875604773
354.659774411322
2.62815332077752
259.413266174412
171.158344640527
12.8881521339423
13.6911483268639
-67.839688425657
12.2102292810309
6.95364085406771
7.63262026630393
-1.16067915075151
76.049720666448
89.2158734930916
237.813306342696
10.6651026493255
11.1280195849924
0
0
17.1396242037565
15.8566506118369
45.0751835469285
63.262662692772
153.003776408074
15.8146860177327
13.28616140502
9.71453867169535
-0.571777527665962
5.75005619518293
-14.4402504895442
69.8729652269117
82.8552842796414
81.5349167365607
0
105.007876870416
6.13867673130458
-41.1787042083539
-115.435540394749
-143.924083062767
-117.948294919691
-137.166189257884
-145.985464934067
-37.2706277808069
69.8737240879835
30.6108216847654
161.093417527929
40.6794147509459
218.73182247797
131.134820254186
197.581942706305
123.749316275549
22.0847440290394
0
155.420608707735
122.407658480008
112.272788093063
0
-16.8189411452146
205.465461122222
145.429948194962
245.92780434419
110.269438953846
92.2466788960842
0
102.698557999127
99.4884845989703
-34.0580118381609
38.49786590272
20.1686544167492
76.4861533736411
97.4501633174808
102.762669133838
167.269612338217
144.883600397175
70.8367204469579
28.4474896184823
2.25496151828817
39.7000234785415
3.46817567035403
2.09975160421685
62.2749482726065
1.98128748366461
9.97971497483427
-0.425025932707202
60.2298822012234
86.7969399627702
21.1259135834886
60.0863194839724
1.19319116206
11.9310416467871
11.6986524507389
28.0183223529056
-1.98617589158718
22.6780299268468
34.8188603729046
6.4393132133394
70.005316947392
35.9727247395278
1028.89827033587
1091.49903518047
9.82584954092142
87.0840531127664
67.5484907430961
9.0290047580458
72.9322043299582
33.7085889917673
30.7812994516789
-0.413816746402672
94.9067118023545
16.2499790920325
8.5190041871986
4.16420182381968
2.81693767891362
69.1977442134116
44.020100567899
5.03925175867738
1.33799228228034
16.4055366476525
118.102488859571
9.82154604144188
9.86527003493604
11.4032779749726
5.96518597173882
6.19592392593469
5.6101099184126
685.022149353325
82.1493239893011
7.57647961816202
16.9096379152181
4.390109199019
31.1303805758148
14.5786935538583
64.6100337117487
128.932884105596
125.672752849493
121.356066114066
50.5283468356576
187.184822026657
27.3159178990762
15.9536712327658
14.2250212845031
17.5832119169333
16.4419477066193
18.759169772381
29.0797702995147
2.17338074670626
4.04433301292491
7.80225118610154
9.74652377516379
12.4646497133739
9.90490355026362
15.2453040666605
12.2272877954967
15.612076502904
217.116270582755
8.03715567700963
11.3798669540671
176.436370921883
86.2572382817335
121.106027542235
16.508831238605
137.618463145568
-2.44742971501514
-2.98342854218201
-2.26327247497356
154.218488206079
7.96479223142503
2.69343753966704
-0.996861777561373
0
0.000470126891826017
12.9208373846353
7.07750898704609
5.13835316019304
-7.03422370558193
0.460936336899903
1.8486149711947
14.4790051361817
8.77221778562672
8.14689118395997
9.1339531307949
8.48366816817312
9.69368870002436
-1.75484389157071
476.156846091959
0.640886660340905
113.564113698286
1066.51223681949
-1.96635247752624
0.353311382875274
1.7796716334998
979.506375930252
9.0592636806454
910.269226454175
569.531018521058
604.778925731042
8.86040065125093
932.10308671203
0.353912798197095
22.4647397360468
1086.94669259665
1032.95444348927
1075.82625353879
338.665939011557
369.37807771214
308.548329160084
288.141383974812
1047.92623126898
3.70912939502465
-125.463777702582
50.948980001299
-161.195812139455
4.28122756470435
-2.57223415580033
4.56891555422736
0.923409778805817
221.500363248477
303.846459704477
8.22602649144183
-2.62495270779548
284.710212099706
1.84153714893608
10.8412260985772
11.3841893685961
9.19215079421082
84.1477869357014
106.389518719589
2.65672941325437
271.202992265361
1.59104865271793
262.733579805182
229.07709618702
-33.8312347524367
-75.6119508859899
-2.11126268553285
9.09799115027899
18.2752095680968
7.56842409879869
4.07715008194095
6.78641775794795
11.0135895325913
76.6144573290672
-20.2777347867446
-21.6250395240656
51.650381908294
14.5568558844123
-2.26733729698081
9.97702851233295
10.1737229143061
61.5469665658294
62.4422504710281
73.5451312067811
79.4803287234316
68.5248291726974
0.639665423125457
-22.2995305144827
90.1048226684764
5.95184968917692
116.310548962099
119.091529873457
100.786003956716
5.71929976450252
67.5670388246804
89.8095716711393
197.025419611178
-0.311812801991167
7.37070565380964
62.7660573710428
-48.3497122236362
-0.864920644379823
-12.057452536245
-6.35171422041158
-15.1269954140698
-19.3885660895795
0.0980482993647903
-5.62992887879298
-4.90463405620397
-3.17492182630432
-2.11798258692912
-2.51656244156422
-1.41783819460111
6.49329632707709
114.155652674831
1048.32661621566
1133.38913673838
50.9376785599011
40.5140492138184
193.629072962032
8.96037477300892
158.364101090885
121.476719364575
-2.28596899598595
0.293520072631727
236.847964954279
6.36141577742929
0.0655760416727039
215.623037351311
18.6888284175762
81.9012954504826
991.496225260742
108.9763923232
6.4322522589271
5.40304851417857
7.27561856918937
23.0763523599959
113.904874808412
97.1402151000842
-31.1605004641401
-78.7431488170363
17.135607178142
-1.46310809446779
2.7875734484423
10.4833068177558
-0.433663616888027
-1.45700575069209
159.865236047378
23.5208018896907
8.35079140961867
5.70771996521679
10.7632185424698
33.292863384926
32.4871597679537
8.30223957683463
1.09140127711966
1.00829918751539
1.26066389257587
86.9535380827469
22.3439752374442
-6.79883184456023
12.329481925257
19.3584868195496
11.8481727471632
-0.0233055563661763
-4.95044434188635
-7.5986990523735
-7.09521944896088
-13.9493378335336
-9.00600971826774
-6.6367252844402
8.63203645400096
7.41289107134158
62.9336509574707
73.3492041940839
32.541914666574
177.444463936141
7.86862088945708
11.4606301149623
205.066928945414
-0.1391557523491
4.14493416462473
11.3001961872781
3.49568671892507
-0.299422471908521
-0.533640940567035
-11.4655695599772
4.34543788980718
15.2728084572964
415.020659387172
11.5660561619636
11.8540396084567
317.059261424104
300.588854687221
1023.98153619411
1039.91787042059
1060.24464529452
1042.867484733
664.913764256634
38.9972910794651
109.412741414097
3.90960847770428
8.35724000268527
210.25549665398
-4.2880511236463
1137.11740962419
19.5725731179049
10.3949709534955
193.498929138726
202.051570872556
-1.12600666584416
-1.64294661021241
7.55958314931797
8.61015266582195
7.15858616519977
-3.74825225901174
5.07597833389667
36.0123252668384
87.5090559884001
59.7950901784366
-3.44258315425697
12.8136762131922
20.7391504771815
118.998078705815
-2.24921261637604
5.51631262390476
23.0538989298992
19.7016892138768
16.8205834252093
14.5224019015685
2.63520606661569
10.2995211951959
5.1765415666481
18.9539664782055
-7.29887116649762
6.37221635579845
8.40058224623833
6.85810885328935
129.415056147666
86.1329369554558
43.5575524049561
4.38660844097156
77.4378875762592
4.67568596638239
1149.95305709101
1075.549443547
799.238448669342
212.950217600827
-38.2839907689316
-0.0318374349885352
13.6673200910483
6.60824823655085
-3.60582066294207
14.3708011236183
17.503458800687
-3.30747933564848
3.40337020170621
18.0127015499451
27.9499783044309
2.35236738186154
14.97782451888
1.51497547454438
4.88493012731814
3.38215905299279
6.24859107564994
6.95916865342034
-3.0578451063658
72.9718356511081
81.3201728870921
108.358348440857
182.966863326926
96.5563155439167
154.06752828854
258.150657417115
347.305609947504
338.934686099524
14.8177999535097
59.0767546955493
58.4542733843761
93.9216888823398
20.0365369514206
11.7468053358654
3.66528150754733
2.89546600138982
12.4922772355576
15.7448892386378
16.2811904498605
124.028221254851
8.65160101740465
7.36809646724602
5.35452073508334
7.22267637417047
9.4814259743617
8.20418199025391
0.582968544409674
540.901025586347
17.9345996549026
14.2691005157348
16.3996879535004
10.4053640892044
10.5443915013586
92.8468628972531
0.800500093854095
10.6341791835982
6.35757868346425
14.1032489572199
7.97496283901714
10.8170065335691
9.62794765678471
-3.21498881426315
106.844390377519
16.6595710537736
116.120528907767
6.71708267874247
12.3348205022367
-5.40083564277942
29.7005161780614
-4.56813697127187
192.164408674109
224.430320245493
150.361696256622
76.6020369543795
63.6464500202936
-6.45262792642175
3.88460036239939
8.79676033213634
-3.94518662788714
8.81272578444507
-4.23078734905885
23.4450508807163
99.0613065444679
0
0
264.543388065546
304.366309170704
12.4879291810904
3.78350723824215
9.53962835886306
7.53510213517835
-16.3918843311528
42.3159174666856
5.5280945583108
-5.02447077743373
86.641356883102
59.0947646607018
-82.6211530291389
7.58150226041089
6.87505980672879
29.7401567234281
69.7189121132536
9.65087806467248
9.18478194259094
8.89318896148898
10.7310581195872
-20.7644337702147
122.713492482494
-0.317870213939732
18.7392983609287
1123.61491607841
1168.48874796151
1168.58037434398
1151.75866202101
1146.13695602231
1143.130415498
1148.58525003953
1099.54465052693
1117.53154727051
390.250703124729
1.2052407104834
4.5984640940764
9.07350593856227
2.30154991495262
18.7591245780461
114.521751607289
132.48527228935
7.93911163672113
11.4808625006069
24.9610337238911
29.3541476448811
-21.9037368580932
6.54501038633198
235.568085622438
391.681763588296
0.632100606810483
0.518734753344214
5.39812341535836
2.45521093557793
3.92563317732941
52.1902666463455
-80.3099703697628
-2.36539997602353
103.008122672892
1.34111226931229
59.2475285266727
33.9734967998318
8.87668332892024
15.7697567420008
207.682978286514
17.2423701744709
-11.7776606287377
223.775065715557
8.50863758563446
-1.3317462932119
3.8688957215337
2.75178447583686
9.45092072018901
-52.5467707404844
10.1103015211047
76.4850474232476
243.238312316337
9.42705297892301
12.2771726265559
42.1044258711921
231.392208842516
204.914006600429
15.7293473801291
5.35997340076069
36.5765216936762
12.3197686188116
55.5394879242632
2.45863530751721
3.62295889872723
3.57722274324468
3.73303101212794
30.411812644084
31.269647352512
2.53205637978584
19.475673243152
19.1898002018819
35.7640379751588
220.551910121292
2.75120006700792
3.85463436939121
11.8853773982637
19.3713261209448
96.3532575123027
6.49607982840513
3.18734258225134
0.755998389392166
35.2799246139537
10.5673846645231
62.6230463314325
10.5486559754867
9.30099988613129
99.0214936632081
-14.4448190883661
-28.7083047450272
-15.4290243364207
73.8231346304249
68.6296951311922
-7.16762164910881
8.25002371605249
4.13441539679663
7.47537840685505
105.653956807857
15.4472031829911
122.24271360332
7.90083008796298
240.943225826068
1164.03850656662
4.06860401252448
7.81790587006405
232.220033745233
61.4108081448623
72.9662991443914
2.66124038310449
2.57025275600943
5.58155547100965
5.99954832558144
300.917300673327
20.5371896589168
175.564091253914
34.2089007727123
7.9501820662004
8.49409833868883
3.49710968831956
1.97846283673945
8.53580195075272
143.845414890975
12.261534171976
6.57430213093972
86.4402499990535
389.816351866955
169.934624631865
81.5470945476371
68.0117398108123
72.886678582924
87.6553447873985
79.8176702485433
6.05675732761007
209.490618021703
10.1850562107653
11.3966603067252
1095.96583688194
248.501682038934
5.96582125734272
860.186150734872
760.13664300347
0.366610231026436
-0.433785739420544
-0.554702562585016
-0.14047229267952
-1.02583843322362
3.02918082588814
0.661444673596607
3.48697386520986
9.08317811090094
9.6987948280119
4.95731538145415
0.0113298355941228
0.143625212173813
0.738943389819491
1.1754203779698
0.384122767887783
-0.721761778646878
-1.28461921178803
15.3286378553799
4.81322266827521
67.1737785159957
8.2795799084085
2.01758810049253
0
0.877529977637086
-21.1397029314094
1126.63852824307
13.632283425848
2.45748480534796
8.40926558834205
-0.05946485143962
-0.0972946538948429
0.276039206162154
0
0
265.996939814497
0
-1.45838810471975
401.370113383254
353.544296650338
0.456048810089742
10.0267406936672
14.777173145957
8.6615173442493
567.198336609797
6.4793781123877
94.3859888921643
85.4760075850184
117.431978919751
5.74217326011264
159.007611494016
238.174716222882
249.673888770222
0
0
2.32777803548393
10.1157604909414
980.252606010173
1.0913480405596
1146.10190899485
6.01016704290345
6.49326530450367
2.94856692178169
-0.0319336634258968
0.469311552100227
5.34652153562762
6.86619155587292
8.93480662480249
1.61746478051909
0.47261524380015
9.91897274264613
13.338018065934
1022.24762471577
7.32209636499264
6.37202867952129
34.5481737286822
0
7.60300607422254
14.3164486569937
632.975391755239
17.3758390675381
18.5476484654232
-0.519435158191989
0
-2.30264388931958
-5.9974626054542
0.46475254670136
91.6648581942454
681.817709410812
10.4512569072501
10.3272353288628
10.3317715766849
0
891.075578356181
-0.437560420128814
957.492778926844
644.406616094248
-0.145269406915343
4.31413283801663
634.733035714602
661.174679240118
1.87547331144701
2.70710320736617
6.54782098953535
634.29331229104
617.614393926998
531.246789249709
616.678898779169
673.545064825616
10.3542884103368
11.5067125948126
9.51872732065456
0
34.4142382595501
345.932613226325
-0.677220344577392
9.29000611099041
1018.57313094609
0
-2.52114665508792
6.8105566148548
5.92966169485237
1132.4059789369
1097.43290734441
741.857764196585
0
21.7119980864191
29.129179449892
23.0164120257349
522.773553781737
11.6830134505039
402.285766650996
10.5848065566409
-1.06038786255092
285.651641720667
-1.27578602730573
1155.57690734673
7.7225934235547
637.634274362716
72.4726199306547
53.7509413581101
50.5375054313448
0.71684455029173
15.6930220096986
12.4579327601498
-84.3989470352348
33.9685817311108
0
10.0651129956633
0.222004632842892
2.46464167238553
12.8022308793036
5.73025059824394
22.7607516147381
85.2175932980132
8.63982704733071
16.5711185709235
25.859339809905
24.2080948850403
865.260003327232
8.20976854151775
3.42514673093874
39.2305083239192
11.7429146643755
291.519094215713
464.523228478353
0.829469369114835
1086.43572426486
-5.24680183715734
2.00844165496442
2.91889911741335
1143.06303448306
2.3580657349085
0
2.51213341042898
0
-1.19119417698245
4.44431948472594
934.342408714756
-3.61710104459514
7.66488602115638
11.1020123376623
6.86823013250593
-3.4035107877949
-1.96815605746838
17.259735510869
1.17589229969064
474.902061402776
-0.578377067909641
201.842525637138
-15.7453917427841
5.58469953783118
7.82072706141834
0.913230731189196
7.27557295723941
30.8694129423161
418.720179342612
6.01298353379079
5.56560542895467
-61.5664820961477
1.87869475972064
45.6477401680102
10.2228316538435
1155.59846834609
1028.38016950177
-0.467503556201348
0
939.109211795561
1086.55962292411
717.563884831598
172.06002632362
95.102322525344
909.56229413374
1139.0746297066
941.59908707805
9.67415956291539
10.2400455031176
760.575254631354
-1.58403325820262
15.5776296058911
944.552113668623
-57.5265411572215
-1.11578435145144
1.95941831235374
951.307083951528
973.517956397578
12.3282334402618
354.435398242629
282.696778198815
3.69476524891263
1.90689014843651
2.24790028098517
4.76473654717186
8.57523390209082
602.924807853818
123.136828434652
907.899681772886
439.09291344576
314.424004633387
7.81175534327253
182.601991546593
679.782187481714
0.820566452243378
5.11915225230743
6.47018771213712
-0.893587882786191
612.601482346307
1019.05536197512
0
19.4067216745352
376.350256213248
25.3852175006205
3.90715164704742
6.63697503874389
718.31189454305
690.135057640055
32.1302968394584
-0.893383920763925
2.35872689195364
4.41201543488047
-0.317323966964508
1117.02769503707
213.573597922056
-11.7360221830347
112.085833374087
306.018464401762
765.819588400253
1081.81561289843
2.27923020470667
544.47417813648
275.884207157865
2.29436567659107
8.51681717338898
986.033977466982
10.0756544296131
12.3091896031035
1077.87576987019
263.776579425709
1081.67974373573
267.601695369013
10.7182091750299
813.009802494302
142.236556124019
0
96.0983500767427
0.349896034401078
5.73488435091158
740.971408030248
1010.48437194032
248.049041914554
1060.0579865545
260.533767047695
320.740212296123
1026.59271519272
612.216508646383
-0.667613699717132
0.241058528953535
1011.83781478728
1032.92871169123
1017.71976841204
324.391654253758
3.60164575055217
305.409976337851
988.654511677173
961.96476946498
33.0911202181448
1121.84695455814
915.120054000777
-90.1011508949425
-99.3606889024404
0.731374392351286
126.349474804168
-1.38624914424528
-208.358510978113
6.23287406509907
0.793596601570285
5.9286547874572
45.3703389064771
41.5491273743743
-5.91485567861702
-4.67499353916911
-6.33464031737061
-73.1237503927329
8.11709665265656
201.475139780622
4.99647206360556
-2.33176470251349
0.289147335394363
1.1849977719713
11.9809485211985
47.4662146726484
6.18607312238894
-5.29614434595216
10.4072089872666
-4.20511193639292
-4.19301201414965
9.09129536806135
33.8471789301026
240.986010997032
6.46963385319726
284.528374667928
8.03517366851746
-18.7287259328604
279.571350827715
275.28129950672
1.95995771436931
6.50185651519114
31.242994467538
8.06388112710452
11.6923611667337
19.5041167277446
240.116562294174
-6.74835318635243
341.598175320677
8.17661576809977
4.27640311219147
-22.0844584465285
-1.28682475989931
12.1450706981347
-14.3897052566569
11.6359114496416
10.3189219944064
19.8258051269455
-2.63302107214193
14.5113002541069
5.72344430415336
67.0383012796719
65.2521972984197
10.349810904307
7.09119292488338
-0.00787491034031162
26.6264954443657
51.4577150218721
14.9405391616443
13.5584523092069
76.6277293516527
-0.891764314894492
17.610119251797
3.86415184370425
3.23666334059122
5.78804653496691
261.830800136513
-123.679990238983
-15.1209343109533
2.84537214521077
35.4685414318297
63.8972532585067
1142.10775456182
9.8030494853276
7.59213544524838
76.3430586612637
17.3399771600548
4.17309421586946
81.7407968410536
31.7722603190576
9.72838374826197
3.7056963365888
11.1701083715096
9.20935529249057
9.29278793972307
-42.7762704502503
3.17766938253994
60.0278565984691
3.20997840952382
5.17054327533238
412.15430013437
6.30453583031491
-3.04200876852627
67.9846358003628
95.714626625282
-0.782004595405161
14.0567817433187
1.62290204433879
206.532488013122
58.483281195356
235.346112274052
7.37990380140691
12.4275389600076
13.2366254701503
2.8634053122847
4.40311258722758
-3.16076024946743
-16.7145396033914
11.0868028306791
4.54484278866086
56.1960968766987
1.32971572588386
8.47771916281669
-0.84869355013167
0
0.859781181376758
58.6172581459887
1.57200294774293
36.047068962231
8.36137191973137
9.79801406266679
129.367244477421
9.98700599348541
-0.606946846952434
-3.63026296827898
10.0009540770807
-1.64031827482336
9.01394766906675
-7.05093314303829
6.76058460902778
16.4787999943249
2.74222942751401
10.5794977485554
145.005355132944
16.6673191364102
11.6321261775884
7.89078593933502
33.3359344300358
305.730346906852
415.720552447245
49.5887744091588
-0.00445865533317331
7.51908011022675
18.2857298347613
-2.70627436663599
389.295845387142
0.167792937092285
50.5542013080261
5.37558676441034
8.05605651569901
8.31345631960519
4.50840139011081
-12.4976743314891
6.51178801968965
3.90085713349049
-11.0633578570405
8.82756084834446
24.5305083787534
-2.15638099924702
98.5363051143208
94.8866609154474
12.0105463711102
1127.56228589018
16.2616520547526
10.6108833171534
9.74332306904761
14.6012320709152
192.719274117589
1.06371841660073
8.03292877586284
9.64377737551282
59.378737670091
1107.27324080451
1.77810713263967
209.271345880093
168.923850912973
8.12139690483081
17.2137315992449
11.5350615004148
1151.91753780575
1160.32565880633
3.02747226649574
6.44268176302138
32.81706509143
241.211231428111
41.7729025879377
26.9523379272806
2.23998652347933
6.62798665377889
0.1074584649137
223.099945792128
6.92390110419139
-8.44893648050441
14.6873470864911
19.1145047168946
14.9664257568576
1046.65335208354
4.56475022466352
0.298630136636723
0.70383016880905
151.160269998187
10.0366285994947
-0.676884756806591
-0.0345610956687482
264.339570623511
1.22025555709702
130.7260579859
9.4951331364946
1160.95773100529
11.1650450913027
0
8.2683398215524
56.450109444967
9.2160620741451
36.9768081802503
-0.491860017790373
-3.89148413980346
9.45848421639049
0.463934638325724
123.097432980747
0
8.76353102406727
12.9394089581146
18.5488341183319
4.77637145491408
-6.72817828834848
84.7136112955132
1123.4867823838
0
16.926368500886
2.38368687802361
25.8547797603254
11.1600281690062
11.8493615719319
109.727901450943
1171.18610790548
10.3931324581283
18.8605558660144
-19.403990004304
4.82183154183836
17.1560387504914
70.1578898157069
639.644801816833
6.6405402184973
166.550506179988
11.212122645164
18.2729768922791
290.140628126845
7.15720351042213
17.2233119999646
17.96924299049
9.0306329509068
138.13095896134
164.852165476482
27.2229604992055
111.892787421445
