2437
2.7723956043956
2.7723956043956
0.271997733742759
0.273012332671254
0.263360479141991
0.260576377237852
0.250338842327048
0.258536161408214
0.25939010577592
0.267146492311615
0.27758304447267
0.284589767866067
0.290664174681834
0.295170528743023
0.300317436432909
0.308889431177236
0.305334415705327
0.308662876413269
0.298722533170401
0.295590851759987
0.275932649870505
0.269086252813258
0.247634663194684
0.240432312316895
0.282393766339732
0.217674303828973
0.207039063461728
0.177722321325998
0.164294286246122
0.127012669298474
0.102665976366706
0.046465234298421
0.0432148348715699
0.0427187130295226
0.0420928229542312
0.042841778440885
0.0399633838364499
0.0420832525313477
0.0380867602850918
0.0396857823057665
0.0370612337108971
0.039806590870355
0.0369617755884968
0.0409389171186102
0.0368038280510115
0.0412214658070182
0.0395248919707604
0.0412836078844332
0.0388218013342388
0.0390777915051339
0.0381340689693815
0.0375411246768036
0.0380579188145944
0.0355201566341144
0.251909595355497
0.035037205334724
0.0322909663078509
0.0308042229406639
0.0282930421800446
0.0291693643681624
0.0285956659632644
0.0260151518871557
0.02481305740878
0.021990116756131
0.0200014313616578
0.019242829565002
0.0179706430667552
0.230283858799536
0.0361271281766632
0.0365341246534369
0.0401762263028459
0.0431394412364355
0.257734236798743
0.0573735268234908
0.0881584484878224
0.124238862554984
0.163523140804038
0.173550228205913
0.196396010835272
0.203386247393151
0.232450399377052
0.233975092200796
0.257452847732667
0.265455226194114
0.278534007112034
0.243553966034137
0.201074773125056
0.163647791240646
2.7723956043956
2.7723956043956
2.7723956043956
2.7723956043956
0.258188242800294
2.7723956043956
0.204436138804713
0.209680733903064
0.186029047658312
0.198213883327229
0.15947385308242
0.174141402155272
0.161736022078827
0.194959334987049
0.221582434530336
0.157079534771151
0.206634179758552
0.246158671540432
0.148403747704987
0.212312276086403
0.185501330466364
0.262618980624561
0.216545046685414
0.285254693396988
0.191848246222823
0.259371508979075
0.188499372563054
0.245833960016475
0.198233686941895
0.243854558472914
0.200629926411685
0.260484614476698
0.215302434546901
0.147994630446612
0.151507927934484
0.122772371667271
0.125659794449818
0.280034036948832
0.112563141988895
0.116980249526598
0.0999544564073685
0.109153378681174
0.0832914635202436
0.0979286132272675
0.0744469477800829
0.122556000846661
0.0890713854568424
0.0655771855530311
0.0300248474753165
0.0763160187908338
0.0565280435629281
0.311850068560229
0.0376410303693214
0.066223736846233
0.0503482466467103
0.202373548790263
0.17913435413131
0.22971612684491
0.335258366916686
0.32556948015125
0.313943062645108
0.306329121684183
0.296898514272835
0.29071947065779
0.283383015271796
0.276845109506538
0.276205439759495
0.26792395301057
0.269606114273528
0.257285114897956
0.219454420179984
0.183869711081565
0.25909487230729
0.137960123212559
2.7723956043956
2.7723956043956
0.186377061012048
0.218343769953101
0.300284346485743
0.296625242453257
0.296407742211886
0.286262430290293
0.285277426858267
0.274947752305739
0.27196817677357
0.25490090382633
0.250799235152846
0.283953088086318
0.229325349098434
0.224044765943401
2.7723956043956
0.255335051735698
0.198087940697547
0.19110753113598
0.0266005314198393
0.061463860958331
0.173316914157389
0.186728903318299
0.277043167121234
0.318451793265158
0.338264330088572
0.353754606457253
0.370348581432331
0.364431999513232
0.381242412529726
0.375426291506929
0.39321775194416
0.386632576462099
0.405433999190793
0.381495111775527
0.399343024647872
0.380260311101074
0.4170561279824
0.344549471746839
0.397004118487369
0.432861436393012
0.0315585512911645
0.0311100925929223
0.413509717338358
0.438778717844468
0.411599106691362
0.41786988223823
0.165432679698454
0.181420029269461
0.402353633190422
0.390911759912729
0.38419601957357
0.306035635953045
0.375100291136852
0.363529774004512
0.0222167562873331
0.355728872194303
0.356865808856405
0.303786125407927
0.352140908156381
0.343133602308009
0.04784504100639
0.0579567940477888
0.0454490587679708
0.0526252552720088
0.045908556029582
0.04971030871416
0.0436507227582326
0.0531359015148993
0.0497454462044872
0.0518092031784
0.0475309731098029
0.0494578062132948
0.343907162615044
0.328125957638111
0.327667180407575
0.312371198664326
0.314829696679361
0.301363349634938
0.298219794523453
0.286888358154045
0.284422734496407
0.272417453785547
0.275034971302706
0.265154646748721
0.265668737143847
0.259407641024465
0.257811989050297
0.251091773662892
2.7723956043956
2.7723956043956
2.7723956043956
0.260424667962859
0.00996629572920748
2.7723956043956
0.105101471793001
0.127202537141991
0.205497761895835
0.227379588000199
0.272788470026543
0.27238030260127
0.290867088492407
0.284222383607644
0.301356231672858
0.296513941529234
0.295852264413221
0.285535757383955
0.286303493452629
0.273751406116217
0.308978166449061
0.277111352713263
0.265730064671516
0.26219819234188
0.260934652805143
0.26208531249509
0.0504874137213327
0.243768370319383
0.242935139822921
0.287347169160104
0.22447671100781
0.229120478746782
0.209788183561114
0.217062780550061
0.200275915814036
0.195488905772163
0.210895628955949
0.202865611329749
0.212115483880853
0.204407285439224
0.212232011856828
0.204845563716418
0.176950444459639
0.347367353611733
0.235341669761942
0.226877585275183
0.266094502602777
0.25956306906296
0.282565486967781
0.249627096481595
0.281293562845211
0.289657486941216
0.290442666132752
0.293063349329123
0.291221122517826
0.288968583745538
0.28590638382774
0.279685201412254
0.27786196413314
0.274064093478103
0.270225383716598
0.259192650443277
0.256550329863736
0.244571164765381
0.241224195362119
2.7723956043956
0.226449741275849
2.7723956043956
0.146252962296512
2.7723956043956
2.7723956043956
0.289802353198528
0.255111270169893
0.302933041515218
0.302335478158729
0.270513646180754
0.129911368265787
0.144791853280848
0.0362355492839545
0.0398878734071559
0.32020755682023
0.23703932951291
0.181695312783658
0.263225113262313
0.284902160864041
0.197676743795488
0.0314171866357539
0.26213725591199
0.238008836835406
0.248714126925728
0.243276848224346
0.31078264045163
0.287630873724165
0.297002093279114
0.291881221723554
0.317246950360865
0.335178967684474
0.256386830495862
0.363104900702546
0.377446925448736
0.254196297897398
0.0450414386313295
0.0427219933527858
0.327726182177089
0.309283702537377
0.0467223321040952
0.0441346123646814
0.0400703433230274
0.0408610870769856
0.302080031318243
0.278038271860136
0.0535072886991019
0.0372756762290277
0.26251873953849
0.266473468826984
0.381381404352137
0.369958907367882
0.196043230622339
0.405074046836341
0.329601888089025
0.299897001869359
0.272811507792219
0.239674409095074
0.234029752016303
0.086166074618282
0.109869351666174
0.294778879051777
0.267682869352218
0.245690550287737
0.240558153295658
0.228454882780526
0.215017465190407
0.19889786256636
0.196811630860404
0.142946090428693
0.169146025364298
0.212478111575005
0.199186121855799
0.111578059636003
0.212291718387332
0.200231357593601
0.0981579142468627
0.0363057724925763
0.0358695176313657
2.7723956043956
0.280499009171835
0.0328318134707151
0.359520533880833
0.348108787060336
0.356348769960395
0.334814867046809
0.340482946709671
0.325821402748829
0.313774524271984
0.31032836201172
0.297609749709502
0.300490094361835
0.314004902708957
0.290327431290889
0.250424078152685
0.293417828209344
0.280227791870575
0.321869801969601
0.151223698428845
0.1573874340346
0.116288973303822
2.7723956043956
0.179756838131746
0.267152872081973
0.154479139055865
0.116244814995213
0.18619686570236
0.176096761549509
0.234724429570911
0.220817076152218
0.264107586286098
0.260026610705023
0.267337313925172
0.218209575007895
0.201889104081813
0.149931463748059
0.129353965505476
2.7723956043956
0.0659514638873234
0.10787288135626
0.0375170695972025
0.152344451188963
0.1619849835497
0.0283600027284927
0.0814714301268242
0.228219599482937
0.219635751328744
0.227515359721086
0.208523518807283
0.211679302074203
0.194189731793208
0.184868807174171
0.153191461537548
0.145233056813632
0.271343927979798
0.193550391570982
0.387370161037196
0.0393984312798224
0.0390600780402378
0.0411144392949239
0.0761984243363679
0.0924031755549866
0.0945582636751704
0.158230634373773
0.156913365115476
0.0253086924610699
0.34022327654356
0.253793340868402
0.247324289945128
0.242398316341524
0.228457923947027
0.227340084505568
0.210036550185612
0.211655188776711
0.191958502558993
0.200723118034071
0.178281478978941
0.16735676624471
0.145121145853419
0.132225825663326
0.107279683346544
0.192218298857368
0.100273449162583
0.0709381834478569
0.0634578462535823
0.0514077229350842
0.0904524667837713
0.218226228088239
0.215471836388841
0.238990711687248
0.234817603579603
0.239925176418209
0.243665666740863
0.195484375063211
0.219343922494881
0.150262215831362
0.19113947128099
0.199693747896998
0.271352920074031
0.24924355110199
0.258738122612162
0.280538172375174
0.268515317942743
0.296862980452452
0.289886417033075
0.317910132699222
0.23671495011968
0.309881935567219
0.290031315888006
0.31708010493858
2.7723956043956
0.249066095252092
2.7723956043956
2.7723956043956
0.30127797811305
2.7723956043956
0.223096697932153
2.7723956043956
0.136887095848491
0.28177165020537
0.256269469792207
0.233497179281835
0.232324811811476
0.112915201625284
0.28949987873265
0.366021347846484
0.200203074380994
0.206731504139819
0.104832883423362
0.0438056526795478
0.0576496182796535
0.0523095648033244
0.219827532952029
0.304004788042836
0.0414045211229944
0.308813158368955
0.307730071584548
0.222505725875792
0.144949817511712
0.0884960706333713
0.146903094510768
0.145436315006081
0.132379704692131
0.105643733769034
0.2125124990479
0.0540880433424777
0.246070438087043
0.126536534808477
0.0395084151768115
0.0371987462952296
0.0390638046302467
0.0347683077621864
0.285299438688795
0.0373425852200549
0.0358045407752207
0.0406883539425255
0.292623177928937
0.0254076844432253
0.0406705055896609
0.122930281499057
0.322666817196149
0.323575259167409
0.321766271484957
0.0377147606642329
0.114659691541362
0.256437062839184
0.226378226579947
0.134251703589253
0.112127988870688
0.156149184751861
0.0257375306389676
0.0408219275595032
0.0371682464794991
0.030854008347672
0.0344298004066687
0.0307893665962653
0.0352545886752495
0.145177968425303
0.0605843363155978
0.0686249078164608
0.0644416905439523
0.0435445572532748
0.308792775058424
0.321888473388833
0.31185951567317
2.7723956043956
0.0604452708450482
0.152411883273782
0.16049903273029
0.178076306034064
0.0506719702507819
0.0340506410348822
0.0327593034331235
0.223045529640809
0.0627656630521058
0.0602673004486514
0.032347368911653
0.081031323806452
0.322817819270296
0.31362905451176
0.0341018667350445
0.03398271106661
0.212951649520568
0.193539086977503
0.189742792493741
0.15392492279988
0.167522458685871
0.0709870344581598
0.0709497588147998
0.0334616377172511
0.0362866283095787
0.0387238757149964
0.286596897935184
0.182401099116038
0.199318607999551
0.16423964590989
0.207132418850061
0.232135610550759
0.225958147923807
0.260230626870057
0.266936664641712
0.282371932023115
0.269667587734294
0.194639811258146
0.0923503466603058
0.0925500942638558
0.11133701676461
0.127712769734225
0.122947806405389
0.214782830000798
0.140965925210356
0.360961338172081
0.347501640398435
0.319014798594065
0.230094300257185
0.281700315154968
0.193994908641382
0.245043746356761
0.157428139451752
0.208873701558477
0.12414163648997
0.0701459404058829
0.18016283715957
0.0379318580504933
2.7723956043956
2.7723956043956
0.260981814852325
0.0380475574949249
0.107605070511248
0.0883748214392134
0.0473469814312578
0.224575504281908
0.249352198297765
0.218959076195772
0.235970158661555
0.223927034918095
0.264664084499367
0.25952052272021
0.273149413441952
0.264400916924157
0.277095767143903
0.243597178075598
0.269550675099352
0.280964516290389
0.281704831364303
0.28292899884245
0.285995833722244
0.289510520715618
0.28602101311281
0.29072159051203
0.295543550851213
0.291624673737583
0.292750843211256
0.285635394312699
0.2867512256657
0.284208316952241
0.278937543662512
0.272656007362989
0.234658681539088
0.271768732821251
0.190257340407733
0.128175972426461
2.7723956043956
0.28888764453247
0.0431371284570303
0.0393118632913573
0.0350125528328548
0.0630082142976759
0.0963652365360363
0.0406246956556283
0.0357318315443068
0.0545223815527913
0.0883843810413386
0.35145419456158
0.329353262151036
0.325364035480111
0.307241439057607
0.30339494346397
0.285216506662659
0.292509031747676
0.282311826379652
0.29152475539959
0.28112839349354
0.271953559147071
0.269045152624536
0.256488285133133
0.023858520831494
0.0373558348115157
0.0366918945061343
0.226300410580742
0.200329428394076
0.205604458956879
0.178442168919604
0.258989244353015
0.160775595556233
0.0224304179063221
0.141095534929877
0.0456609565446759
0.204400317442668
0.283151380837784
0.201161315629163
0.0350372196030107
0.0347894592643449
0.0351038217055366
0.0297956842945023
0.030129606648535
2.7723956043956
2.7723956043956
2.7723956043956
0.171317468361965
2.7723956043956
0.0279547054765318
0.271103126392798
0.290858718662251
0.312992587309818
0.303781591971465
0.0385435104607111
0.0418734691421989
0.0361759613961011
0.0288826543807278
0.0267553122950647
0.0298950117662417
0.0245167141332228
0.0281488737174609
0.304352368924635
0.294388832650276
0.294978686423795
0.359347803954916
0.161268161412414
0.0863585201142823
0.159299886100056
0.0366998266941935
0.0383897606875601
0.0849702523115409
0.260299785186592
0.250434165699618
0.317381031864376
0.328167142447172
0.347128617853802
0.0266753539111748
0.226463933657924
0.146364271294482
2.7723956043956
2.7723956043956
0.0660617848404593
2.7723956043956
2.7723956043956
0.0350961698154749
0.0359132171644209
0.0354786505932591
0.0460536386261752
0.0429632412763215
0.0369229587366871
0.0381039782503216
0.131416681067091
0.21306022190815
0.205656832420792
0.202889245331033
0.175990856505524
0.192332959985548
0.343421869992184
0.338795539342882
0.317475614804578
0.0737095442050762
0.0331468456857496
0.0326360076769803
0.046221002430393
0.307972678224154
0.285408358237393
0.03778027043422
0.0349434262750603
0.229461737237345
0.30104439744016
0.0505255966878979
0.0350376715354848
0.0430692741485413
0.0451112102572631
0.0314287318233481
0.0324964502055087
0.300069963450541
0.0665273745352566
0.149913529835163
0.0782811517089388
0.0774549883395592
0.0536071172988333
0.0410776518097338
0.0343531958550844
0.0371372328710246
0.0414515037557847
0.0415794871464698
0.0299395645804882
0.0330977780245519
0.0344907991053125
0.0351188718190067
0.0314075384403628
0.283899162220067
2.7723956043956
2.7723956043956
2.7723956043956
0.057594760507269
0.176276701281931
0.231273518972647
0.293874705665541
0.238649140712647
0.289984125744475
0.285869541868463
0.29808177701548
0.184988914032688
0.325479788055549
0.304671573149279
0.274851140571873
0.309961619012955
0.312099303898835
0.300687335155844
0.305394017533928
0.267826373047772
0.311354448387467
0.199908769928738
0.15413289386129
0.203107566114966
0.162114678519099
0.208543042654857
0.170016951518997
0.213952663207616
0.221496743232592
0.226889300445099
0.234429516502835
0.176610842320465
0.128060972975625
0.239768740716603
0.247341328300377
0.255793086002834
0.262144297464365
0.359243069407502
0.382284166000933
0.378015767145196
0.232542742669505
0.458324827907721
0.248134642514294
0.217596304057375
2.7723956043956
0.28245201587585
0.262532347535123
0.284195199658189
0.287071971036464
0.355679566865069
0.359206456649736
0.227786241987587
0.216587867511193
0.289230741521414
0.358265075625388
0.250510497926097
0.290021196543055
0.257295532465706
0.329485177016751
0.240065467166131
0.210733627029616
0.388770927720713
0.389869601934458
0.379297627144083
0.380225132444215
0.382665993865229
0.0316391823839286
0.153393561469738
0.26836179063968
0.34386097130263
0.0421544981829495
0.0386965065902831
0.0557837609748673
0.100106496443931
0.296978676674287
0.282921975889906
0.29903250173038
0.282421123216444
0.299111923592261
0.271384803033964
0.286904469590324
0.264537816068788
0.27344206075622
0.312055990843013
0.291532539400219
0.263882091013441
0.294771895458753
0.257965029171026
0.303395742648128
0.258257297270057
0.335306953855433
0.102230494132815
0.0611738812374728
0.20369891966614
0.284981994975741
0.299291350454299
0.284634210214187
0.297561717783339
0.323872756289347
0.306714566673051
0.0582172029449315
0.245429495471776
0.2371393616434
0.0439206444387797
0.296182488938689
0.0530214089916533
0.2875510165116
0.261257029474526
0.0414874477224061
0.258418009983209
0.265006370692312
0.0370524412896864
0.02406342159886
0.239593050533776
0.0625165875577407
0.280789302286296
0.0362807192654541
0.254460883553118
0.303198289831533
0.312336749972545
2.7723956043956
0.0456151139173611
0.262690316679722
0.227994066400334
0.275702812924443
0.289155365050586
0.0440494730330545
0.28592612125931
0.236047338118014
0.150573249828337
0.168523487749803
0.159827598319331
0.14103724817617
0.167062284119102
0.166857649617837
0.204304843957379
0.204044257726001
0.239616668528214
0.229889316813845
0.269112848868869
0.221115716989882
0.208625193669539
0.152289123890975
0.137682824397671
0.123123972217795
0.0676069343115697
0.163840706010805
0.114452869477186
0.201578162425356
2.7723956043956
2.7723956043956
0.255772066598749
0.195145427744467
0.0397286698000593
0.0376054607405818
0.0578005378057717
0.390927488383273
0.0388418216857248
0.0367787914278551
0.0363414738448753
0.0680140988988124
0.255160946865202
0.236688129249056
0.0819565493572037
0.295153530880044
0.194300573665505
0.186547044150013
0.147063212382003
0.302340693304521
0.298534992892775
0.0366452031714703
0.0422950835431963
0.218463412981285
0.0356829170117957
0.137859037991946
0.128126390974118
0.036262207946439
0.305782216041442
0.247235650554949
0.336102698472948
0.176392743785079
0.23063339565587
0.223782521712039
0.0343126872980589
0.0436509170716001
0.0412226350671495
0.17776158350238
0.324538835774271
0.250173201855345
0.297121967260556
0.240949171525275
0.268043150184781
0.274460066787229
0.0814317443341458
0.14158299918628
0.247795879582304
0.037317886674502
2.7723956043956
2.7723956043956
0.283765016420332
2.7723956043956
0.30422756954488
0.187395995901561
0.278341228397209
0.159488082588592
0.0392565065750798
0.282161402910918
0.164687635514318
0.190563907720083
0.176701607473719
0.21269571538388
0.187163104993765
0.168618610874934
0.189860850585402
0.177659929579527
0.149880612371162
0.168726861137728
0.310772633831549
2.7723956043956
2.7723956043956
0.319999719942133
0.225846243452495
0.325384736313831
0.0429219453263477
0.139498667156073
0.217167496408116
0.301118720026979
0.0828445160905853
0.0952397989995564
0.081836963484131
0.0410068380508119
0.118213711162863
0.267393228065042
0.254129458624275
0.300857249895753
0.0353352828502776
0.0472423064453277
0.310134091078114
0.374561116146985
0.387032388330083
0.211890811495597
0.0418105679163211
0.0372942836241094
0.37516098198458
0.391143331479384
0.0403556493341203
2.7723956043956
0.0331535176260765
0.228631486579839
0.26450578977991
0.0368907775446558
0.14758240256807
0.12827093923919
0.298066388749777
0.306972748919389
0.0434066112042123
0.189732855093897
0.282939788235857
0.0364691662752737
0.0519957932211797
0.2973232209781
0.264882680153896
0.0456789088648616
0.0504687781871416
0.291395129716647
0.198939263306151
2.7723956043956
0.0344936098354302
0.272895780188893
0.260294188270885
0.16737894175552
2.7723956043956
0.218999509643057
0.268108603950286
0.294517194849637
0.310796977740967
0.33716717174519
0.284396946820181
0.20732212586582
2.7723956043956
0.205961227110867
2.7723956043956
0.305636699461524
0.229048538928412
0.220741201277053
0.205987969630672
0.0343581721752858
0.0370401923005157
0.154550445081421
0.0443086517034983
0.270606851350383
0.0378686794450693
0.137672662893306
0.212645053473935
0.126394337392985
0.164843208199442
0.315112355834468
0.291741375032496
0.258948945445788
0.162615975818976
0.186022746246328
0.268468723405895
0.293979858227709
0.141750861704608
0.040468952821698
0.198795952005729
0.21480669767437
0.287812780628168
0.297042199293116
0.33728725932132
0.145430949600798
0.138926453877221
0.262273803195115
0.196586866065011
0.221911501962305
0.0577025169493571
0.273451384261909
0.275664413936314
0.191675945789717
0.298790423129824
0.316229894827367
0.121319091742065
0.042850853014541
0.257817546415316
0.0544416888179668
0.291565561915111
0.288280204268315
0.293250244804404
0.289042616356561
0.291138940567922
0.29006731154238
0.282716840000049
0.28455806670098
0.283433874758138
0.275351002565838
0.274598921258744
0.243541257539704
0.200003526266543
0.175461525950111
0.115792272850905
0.107577600564366
0.0668524331206076
0.286101642491877
0.285344059645755
0.303492932515166
0.280801127387756
2.7723956043956
0.160206284289178
0.251910531415557
0.240773188843757
2.7723956043956
2.7723956043956
0.200444701764065
0.242092881922613
0.251427212872805
0.250841330252879
0.26022229335909
0.260217921097691
0.269899441749791
0.272595803756504
0.282736638045262
0.286600888053696
0.269631448801314
0.209410256278875
0.235396058123623
0.230593471253747
0.222983519035458
0.261772115780744
0.222325914539619
0.270100069534622
0.282909303247773
0.288210545320999
0.292640401352263
0.228667656481262
0.222028567954231
0.210395156528061
0.049036379248247
0.139304675319235
0.147737870487382
0.190562711296809
0.386605241979379
0.287094594859667
0.282758374136558
0.317120103176904
0.298524416364678
0.346093034208675
0.345323564969862
0.34204719889642
0.345851917074944
0.317154161821998
0.352001925474477
0.352690910381391
0.297696805000805
0.297085383190313
0.378868510768803
0.38493411982655
0.130776991075514
0.152620793411772
0.108653416359093
0.335060717069062
0.334640585712116
0.33790261405792
0.221024458768518
0.240346334792279
2.7723956043956
2.7723956043956
0.283149753348393
0.20318380439162
0.0556618393513289
0.0552060044566406
0.241671988530546
0.261272115414749
0.229915626820505
0.209360482009927
2.7723956043956
0.16307196633461
0.107782949835358
0.0571065342328932
0.260991236072537
0.156388529485274
0.146411855719293
0.240796038649737
0.23370416213038
0.271698716007227
0.253661219597134
0.277235734947017
0.259152994852176
0.268470344417634
0.263959093383276
0.280051687706037
0.281717900466816
0.294956720270651
0.287411514588293
0.300713999971171
0.293032050205575
0.305105102251505
0.297457653982597
0.309565041029975
0.308168255833479
0.233333610235176
0.303178613289582
0.314695342006666
0.319956363931693
2.7723956043956
0.270219253676521
0.274102140042078
0.308804053515487
0.28530515642629
0.321719309647558
0.325951473073161
2.7723956043956
0.328275200552861
0.324582208100572
0.259447216765711
0.260294809981938
0.255063952433473
0.326175406042152
0.332396200970479
0.331515110525596
0.29783534899059
0.303009708506291
0.283292539496945
0.275476404149186
2.7723956043956
0.0709745780245871
0.418059257217084
0.403745072445227
0.055614899349353
0.255361009667326
0.118946801144546
2.7723956043956
0.069111963971838
0.288707033415747
0.250699861285796
0.276405375496254
0.240975463024846
0.231851333447076
0.2582942833174
0.205578021814497
0.0557034040942603
0.212645341180401
0.222562747469886
0.110155415758389
0.347864303435428
0.24157939696355
0.289473248156843
0.293875303841287
0.105465926990978
0.224389632904934
0.28823328853324
0.200300884950052
0.171169273041788
0.190320488345405
0.230270260168362
0.251286493994492
0.347502319596438
0.298312600954636
0.281491581634498
0.15821751934494
0.174881248267322
0.282294386549296
0.234226459017405
0.236771978806667
0.0747939510993966
0.295816104534706
0.0864466242323526
0.186928091949524
0.135390359684342
0.138711814512408
0.131655005309621
0.125885642171387
0.0867891133237103
0.197010454747372
0.327664107306103
0.336506579746213
0.198620557780494
0.0515035193681708
0.277225205086162
0.293587303080935
0.0562264819121968
0.338547449754206
0.336129712175779
0.339382540341506
0.238511952690788
0.25963674980157
0.063492027968463
0.0625239327204724
0.185351262003822
0.191748390621138
0.292904459699237
0.288159885202506
0.206810798263349
0.0588885024776145
0.121656504999022
0.227656429061478
0.185373768382089
0.163627929410467
0.165762945426962
0.213644432757449
0.178168247000746
0.161057781773646
0.281648179215338
0.153732902704299
0.150823275533183
0.292175695331663
0.296426913165863
0.201458939988691
0.274005324974653
0.163792595126254
0.0485038171154032
0.0597501452851256
0.0729569688492098
0.246813814994335
0.180275449513312
2.7723956043956
2.7723956043956
0.10230447691654
0.041565995050823
0.273510328522865
2.7723956043956
0.295607403248701
0.305758147392988
0.148885715625073
0.186307709234436
0.156902473604425
0.289361035429962
0.279216521568347
0.285308103825216
0.268591444696416
0.264905533191619
0.140778226077782
0.348593247450439
0.23311261763265
0.249650716292355
0.266739827821503
2.7723956043956
0.230272170970323
0.156016309837058
0.321350943097367
0.208350521954481
0.289766038581169
0.34935717076616
2.7723956043956
0.268436908445456
0.215056580645122
0.159126064857921
0.238180677373038
0.239060825988814
0.266540068908053
0.228901671856119
0.343124660309918
0.346069276512058
0.340200804770425
0.354998226334089
0.29822084184617
0.302028876217524
0.372019071384434
0.332544274021739
0.359284782709257
0.311907808599027
0.364575352049375
0.0996521200241817
0.367318266238125
0.285603891891411
0.331062852775215
0.272586541236804
0.0679512978277981
0.331110602363772
0.298231242800932
0.286697582207497
0.269251334619869
0.16214509411024
0.316907086750142
0.291752543745204
0.151281720470038
0.322146131048547
0.201631277443375
0.266007130149523
0.258491625705118
0.386488080759678
0.377167767565619
0.044635559047022
0.231482408666982
0.283524147669152
2.7723956043956
0.26699727178992
0.266318003373652
0.269490003141556
0.306328075542872
0.185153897987693
0.164808625270368
0.250110621813187
0.206513366545011
0.0816868039871114
0.224813969041958
0.174701796490653
0.283503776902727
0.287700683663443
0.277979693441793
0.278384458655729
0.239929957728546
0.354245499977597
0.331290575791298
0.11612823818123
0.147279728540363
0.312445850993999
0.306295865169143
0.318009617510595
0.270112503973389
0.297835863964146
0.30337530887607
0.26279129711504
0.231534262082975
0.249715145198316
0.278612917703217
0.370558542975065
0.104244311059983
0.120448620932828
0.120001878151085
0.0959181906372816
0.0915752782806175
0.0865891696251323
0.116846154746074
0.131665369949402
0.129864789573292
0.148543492505375
0.151754726383136
0.154006193851066
0.11710583935796
0.328111303056453
0.274385220198971
0.280683486835563
0.231123547339307
0.282809927533298
0.24212512704494
0.184089700455373
0.236755445139022
0.23856314395274
0.088410205919053
0.10420697071524
0.25486766010861
0.22461048817796
0.269275182101989
0.264757432854952
0.281992369566024
0.299533311459804
0.299096154354598
0.196092173872441
0.15032284510933
0.1603260853849
0.183804933816004
0.205506241901233
0.320160123233952
0.332212034353037
0.371992819305943
0.359652789155678
0.278475666656202
0.420268341655732
0.348678033397074
0.280108054989714
0.402653299009472
0.367314913773177
0.248196487155186
0.271915106881267
0.235373295634039
0.213902550937849
0.265100883207668
0.285947503444288
0.286476845511338
0.261417578217692
0.198363224228893
0.22283778668331
0.232674243143733
0.301553925200794
0.222813554365544
0.166886316270747
0.245221106020099
0.214982770559171
0
2.7723956043956
0.126174637693564
0.139843770955582
0.18437826427304
0.213970928520612
0.170136702519906
0.260533411980946
0.192914378858782
0.158757982526556
0.236716344318544
0.293330162148518
0.28153056765371
0.230037773785187
0.192791549839399
0.224351127116378
0.237234102348593
2.7723956043956
0.253318753194932
0.228779723563763
0.268580870247888
2.7723956043956
2.7723956043956
0.268279946197357
0.212904012466627
0.247821337351703
0.242338989024144
0.279224082537344
0.284164822360539
0.345942363136931
0.339436890356711
0.2540399048628
0.222754962790037
0.218194343000034
0.219694106293482
0.320467024940166
0.380982478096136
0.365626657142777
0.243578227069017
0.235775991809602
0.31132578327804
0.244811434111303
0.291057709693456
0.245677658979099
0.23484033437169
0.225563637430036
0.24026573373381
2.7723956043956
2.7723956043956
0.16034287502409
0.143640145499534
0.140040436099022
0.0850254234547366
0.145585269565278
0.284700506194861
0.324697752606366
0.340963227554413
0.0855892625310498
0.292008165057784
0.265219886964264
0.172180533448248
0.22099678661293
0.256908780751588
0.28531644524112
0.295009230356728
0.312469202977961
0.300124005382186
0.320016300129696
0.282450899723077
0.287783693615611
0.321053388244043
0.0743245209794475
0.187297904839789
0.214881539782539
0.225259681178904
0.26728013374613
0.332946272558402
0.297269615699673
0.14535856368971
0.296987493821599
0.249124131576264
0.297350356879402
0.307664877930463
0.31829110000583
0.329500062359705
0.108507574872525
0.0994963305744764
0.181549188615844
0.143795288512769
0.177320050840417
0.184891540150735
0.262859351271681
0.123361550728403
0.342966715654696
0.318122703959802
0.28671934812021
0.220174252789803
0.291109475251482
0.234574951258989
0.227163162071284
0.231987424010621
0.224724782620391
0.238024791405672
0.386650195950969
0.284832974496132
0.283970393527781
0.334776966359314
0.255286995690569
0.27528635170691
0.318102854304633
0.333540598402229
0.330740372206296
0.345281841375047
0.261520292472037
0.283564177922117
0.287047729720053
0.309345102166669
0.196326699639063
0.226286457361302
0.208917719847851
0.241214640331008
0.268706262413995
0.23120225165019
0.282985979569818
0.2518663681497
0.250876621015164
0.262617812528126
0.23401117021104
0.275207415686886
0.300904777902256
0.27650163442463
0.207392956555693
0.32564825822862
0.275898821419721
0.267690101407962
0.233944451285975
0.227246574414708
0.243928416805629
0.317378345124089
0.299385404855826
0.226818602537973
0.170329583626785
0.29447369380789
0.216363276003512
0.234990126155794
0.175968446257585
0.136005155894606
0.313763899093515
0.291472483953582
0.304498841520369
0.127877615243397
0.261750871547952
0.09861784560626
0.272380527091331
0.10343188029287
0.280906712867741
0.273487140633172
0.28714156055044
0.296489848008776
0.292150025154553
0.151613931422092
0.156369922060157
0.191201792610762
0.11202682401068
0.243894500494388
0.162039694587447
0.244134127640637
0.346631815658367
2.7723956043956
2.7723956043956
0.277661480215369
0.280988019614177
0.266570051382399
0.195834265824744
0.203298099915849
2.7723956043956
0.438757171392495
0.280094019274783
0.214519283958044
0.136542039597143
0.362318496995335
0.348582216303877
0.335933194250646
0.179220683513844
0.315012529691834
0.284311643359805
0.366612657980982
0.20865786867
0.194733510281305
0.190307848769639
0.194494920885222
0.189582104251195
0.296125724556774
0.157968825120862
0.277052145776939
0.293316304806051
0.274984990497374
0.264310626648988
0.258221342001821
0.268864885837123
0.252670415439846
0.241820878508541
0.212353628272622
0.217754907590537
0.161642518860237
2.7723956043956
0.0896839695697807
0.218085173045019
0.207106100983734
0.289755811879049
0.343775059127654
0.340698179305094
0.270795083388787
0.269340092288664
0.25560640118436
0.242289172409451
0.285232690607374
0.167196907579673
0.278913950038469
0.291139976795515
0.131205912401025
0.109235213448422
0.149592506767056
0.123507578350366
0.243849900828264
0.282494444946911
0.26522156572848
0.275327801639285
0.332755621894269
0.233557804644227
0.310700937754292
0.15443547637785
0.249657771162386
0
0.251291601495552
0.296886974769241
0.293271199854887
0.247530009294231
0.182165203651779
0.139374816777524
0.220860765211016
0.19667581200368
0.208602918648899
0.325601066523423
0.219291293543669
0.344963933528791
0.296774201089669
0.194060875801313
0.274476703659812
0.316453134038889
0.265230777672516
0.257246499177318
0.28276725172229
0.269296410698684
0.278550992441539
0.255663509233526
0.323701675832333
0.242942508119596
0.257364942641265
0.268843111387592
0.246759927144525
0.288738180833427
0.287077215005858
0.185275157485564
0.297575968559319
0.313092372925792
0.283991779819607
0.298223391705657
0.157570999874259
0.234278627564512
0.257855177525291
0.182281551696873
0.327628459617626
0.25051811888202
0.272378655417072
0.290339642558579
0.282514219848319
0.210106916297406
0.322776856178694
0.21044360404391
0.249726047571229
0.299203630270333
0.244064642031673
0.227841931153592
0.220993813378207
0.29291948365277
0.291622584630936
0.222128244250797
0.188895639374505
0.0776712443133925
0.223985996438265
0.317805309079627
0.348846702202892
0.27794107373621
0.214203414519012
0.253460728004018
0.295008394548427
0.262059087383053
0.183113580675806
0.290760433164523
0.285424220588132
0.307513495584618
0.283317677222579
0.295866899878275
0.282372718816672
0.294287899890526
0.271624718110671
0.276556729521405
0.30185574732767
0.322748940930982
0.291471791897128
0.135949128581519
0.387455213616256
0.266157371171241
0.255062782374531
0.276921627536315
0.278155721118622
0.256495203945419
0.317248710248956
0.313649193645536
0.28716768408157
0.27462664437595
0.278170641191408
0.278021901232859
0.270296798533615
0.278341296787279
0.287622549084685
0.260401055707027
0.296562907647493
0.245046312602936
0.199246190879313
0.274315175461243
0.245157764023927
0.325958238682191
0.306321725974793
2.7723956043956
2.7723956043956
2.7723956043956
2.7723956043956
2.7723956043956
0.133430934106837
0.156605417597959
0.0384825104028216
0.207621697861221
0.190542415117654
0.146837830834852
2.7723956043956
0.07534402859289
2.7723956043956
0.302929568183265
0.267234615183569
2.7723956043956
2.7723956043956
0.169669501955233
0.283202368347593
0.308551971333747
0.216454399651664
0.233326445523272
2.7723956043956
0.236643975547771
0.416371502838873
0.284661989231258
0.162592220295402
0.324529187110635
2.7723956043956
2.7723956043956
2.7723956043956
2.7723956043956
0.261797873536542
2.7723956043956
0.255101820832783
0.249356083286177
0.124191851829776
0.347827002073133
0.352321646168943
2.7723956043956
0.123885116993126
0.299329214656215
0.278394241892128
0.356668483360887
0.253109086816863
0.250630165987176
0.251888033472879
0.241901816833219
0.286932366995496
0.333429814994478
0.270485156704374
0.267322519915025
0.0674286953631407
2.7723956043956
0.307328300606127
0.275430509013039
0.314289065753113
0.234065721566832
0.219921344912378
0.201075446913287
0.194825042905538
0.133056050024431
2.7723956043956
2.7723956043956
0.133326571371059
0.255587280742777
0.262270832736617
2.7723956043956
2.7723956043956
0.294665606665009
0.29880907576469
0.206895801528941
0.126617084196164
0.0577317675500546
0.167015583368542
0.158415363776203
0.233067885607634
0.256442458374748
0.203270660943609
0.274556749779371
0.133616845734157
2.7723956043956
2.7723956043956
2.7723956043956
0.0837668730788791
0.0955100656121679
0.245725656912139
0.301229790020509
0.299500828818412
0.289359106913737
0.269907739989731
2.7723956043956
0.324567526827438
2.7723956043956
0.309987466509521
0.325690434431316
2.7723956043956
0.244077687505871
0.386567068662292
0.359322618406184
0.152796557222237
0.151421437451067
0.223521681461058
0.359052315717155
0.342961159733038
0.244453551521051
0.265108685579958
0.237871824911833
0.277123068584927
0.267435672469826
0.260488289077516
2.7723956043956
0.281531994847167
0.321024645333827
0.146101312722289
0.294222495728187
0.245108644586847
2.7723956043956
0.296537365391215
0.296255359569879
0.305635316948921
0.277446710873632
0.280522637583091
0.252840362278642
0.149115404568258
0.094852994199623
0.282814930280809
0.211545680605345
0.354328340149805
0.30454953533263
0.433065280308783
0.246786632502871
0
0.260587073745074
2.7723956043956
0.247730549078623
0.259413315373313
0.202840801629145
0.141512683693921
0.175542906756492
0.219931751209425
0.0848475095206269
0.164708037271488
0.229632508267725
0.27276615987386
0.236765265088526
0.248890821813081
0.29378710194921
2.7723956043956
0.11392098135969
0.298724088211654
0.147236120804148
0.29570655962338
0.310982026930581
0.236678347547728
0.278477925864443
0.270294069249728
0.270340097186952
0.317926724918921
2.7723956043956
0.291573913330975
0.166403329058381
0.236487214380306
0.272980132830049
0.350904256253379
0.321347317484167
0.299283873642723
0.424925089017093
0.261030704083421
0.261644199220218
0.252036682756315
0.334249993735868
2.7723956043956
0.243407442431073
2.7723956043956
2.7723956043956
0.121807989435646
0.263104421222927
2.7723956043956
0.281506651861896
0.200004588061891
0.175889351343882
2.7723956043956
0.104461518501706
0.306241840577141
0.161772047010387
0.342822588216717
2.7723956043956
0.155064511061563
0.444084507355808
0.100221952142638
0.140296446385417
0.168279314613248
0.239587172478374
0.275885847390917
0.349633336130113
0.247365604842618
0.25173042279822
0.38272556906888
0.123616678808542
0.285861613694684
0.282222189442342
0.231002626422088
0.186100437488962
2.7723956043956
0.158157303362724
0.215036884211636
0.258992949540919
0.201159065003372
0.250739652213014
0.259604271609808
0.24357320442192
0.268084666318762
0.209791999711899
0.23991907793767
0.265926097528023
0.361174294503145
2.7723956043956
0.135189487166229
0.322123922556574
0.395279808172096
2.7723956043956
0.30353437279991
0.305877934774838
0.293115808502951
0.326035566795227
0.329491962042203
0.319211779803107
0.288218534582118
0.206358573188035
0.257204358166221
0.307774546442471
0.314504910212707
0.381755061748678
0.272403512501711
0.326470313275689
0.379605670082981
0.373905961650711
0.26321568861415
0.147491356420175
0.258634292100674
2.7723956043956
0.0416999570568229
0.290198602489827
2.7723956043956
0.318810508581038
0.297060970060725
0.149571413115062
0.30592944544804
0.304934172002385
0.238821355359486
0.143687609667839
0.102334961714565
0.342591073083503
0.322832594134049
0.171286247371815
2.7723956043956
0.162002258379918
0.135979396054863
2.7723956043956
0.238496529510679
0.279834726430109
0.340592832451729
0.311239718714279
0.347600267620949
0.233168533781401
0.216089844208631
0.126270152932137
0.327024040340253
0.34283084194215
0.27230584766115
0.280587308134937
0.315031515540972
0.12638079187152
0.0895450469017432
0.228330658697431
2.7723956043956
0.217601886803005
0.266220200620385
0.236196038861626
0.26915089273398
0.27461041715184
2.7723956043956
0.197395633703825
0.234433579647771
0.261093721884594
0.285703155091854
0.217616174054143
0.346039803469416
0.212277092078583
0.352539050827997
0.352422521449806
0.220175770517832
0.302316914496503
2.7723956043956
0.210387471468411
0.214754720605378
0.31591905656068
0.249554571764899
0.350548581841248
2.7723956043956
0.324622379700374
0.285000887100545
0.315872274094691
0.34420401094175
0.307198623086983
0.328373225775624
0.364886689336154
0.37829073659198
0.412077164064026
0.297425068152017
0.266871279780449
0.367776011276465
0.182023668483151
0.120480778743923
0.187165687090399
0.277152571626925
0.268146682973237
0.347764034678364
0.347824976657284
0.367650066300493
0.366197255429496
0.177965467221245
0.315394021165738
0.279074484329044
0.386032569814989
0.386869862829693
0.279378532948493
0.268228164631769
0.293923402509459
0.22703641997549
0.222471933654718
0.289754177430849
0.357609732467064
0.306921911711898
0.207007114484367
0.29169599255238
0.321551742969503
0.26091867558969
0.27810935813686
0.231057265041832
0.367227806933007
0.275043600281955
0.290563830511858
0.28059938963264
0.201666599381793
0.281575078191417
0.171484446398701
0.296451575889598
0.286933406246869
0.321035923045859
0.301160378486513
0.314842404778946
0.0796961883178568
0.180563236329659
0.251595623534368
0.399822870155152
0.235716465952079
0.220549888469564
0.224813434045163
0.241319435782754
0.292795200684173
0.211721604548876
0.294502888842682
0.167712867350049
0.261652391992584
0.260945214713064
0.204639979709821
0.273557913859277
0.376094722410984
0.309529242615583
0.299907877577252
0
0.261505010331143
0.299822184118726
0.236702019449026
0.293180993928843
0.128160725385921
0.153571513245634
0.139846710499403
0.272004994666003
0.348439692851043
0.197604519059292
0.307656788683529
0.337979155710115
0.282872608658369
0.27122733018033
0.232293013791202
0.153225301002342
0.312600086682678
0.195529869598968
0.267720161377951
0.262709781740156
0.292250873257115
0.191201927731341
0.206689846656036
0.247211064229439
0.281854520026082
0.249635582395214
0.231031512677097
0.123816473587534
0.321281488900289
0.28355291524517
2.7723956043956
0.328936953572119
0.26846614594696
0.237122543254026
0.278644686768026
0.271051194458193
0.116417746034309
0.275114319382875
0.158131340903491
0.235304292101994
0.281707293256725
0.349069653102321
0.242740856449867
0.251032308647078
0.236317177105681
0.269189098787673
0.279957771600994
0.338582589430994
0.319295271060776
0.264857223470606
0.305162673038108
0.319762428918048
2.7723956043956
0.10638770790817
0
2.7723956043956
0.0809757298192284
0.285834228125274
0.263180595126901
0.281984364010293
0.250481762281625
0.244488886452699
0.323766181561212
0.241957637782799
2.7723956043956
0.328333674382989
0.21248829765528
0.181956998960731
0.213348194185308
0.176726410856016
0.263943267497208
0.332392391793447
0.268718052750758
0.255920968912207
0.332901384645465
0.0527326561537371
0.250320640930895
0.295413449693582
0.283956366089111
0.404421872484941
0.343900406066299
0.292337804282481
2.7723956043956
0.255687861195679
0.330930566067759
2.7723956043956
0.359362956752391
0.209616152991111
0.11765503550633
0.198272399782486
0.281972179921283
0.248302053195784
0.203793005849716
0.322251247384757
0.160775845181524
0.2531578248647
0.399019939338037
0.260647055764549
0.275813238093157
0.354705117121173
0.319948586745282
0.326207387660962
0.260475648462423
0.289264717717493
0.266392392442085
0.271908430501656
0.270001394474702
0.252252897505888
0.269675922449093
2.7723956043956
0.242196414943864
2.7723956043956
0.337393485565789
0.221596808818154
0.241964383145589
0.271201887941798
0.2628831806134
0.247754112573816
0.278542543335877
0.268134719717799
0.282078649718225
0.288534730491523
0.221383731509043
0.0994920100746676
0.287868198644228
0.310710754097811
0.321641340580969
0.285149078888989
0.329083070258053
0.257776279957553
2.7723956043956
0.242220388057572
0.244358110986474
0.275422202877369
0.290978633798161
0.270736116212975
0.102651751816812
0.285654443499655
0.266361561435847
0.172723284082315
0.205009165833365
0.296823823943515
0.273793008665144
2.7723956043956
0.197282594191273
0.311839536586492
2.7723956043956
0.330879097686327
0.210899922968138
0.291468153028345
0.250522705993037
0.215616443694491
0.238018456552673
0.283763373134204
0.205246432762589
0.282418480887717
2.7723956043956
0.327344079731803
0.430982961039064
0.0537211469716341
0.246178609564915
0.285088756348584
0.302875072857376
0.254279121226703
0.287194431222069
0.264808120956681
0.371125020073327
0.264183166434902
0.307905991462406
2.7723956043956
0.153144874685595
0.232989279265645
0.091069951354059
0.291231538698057
0.26948084917342
0.346734914564231
0.280598651209269
0.235696922057168
0.25398985562142
0.316708366984337
0.189995002461551
0.294131727095708
0.343579271725508
0.323715545005231
0.278566888314991
0.250130065908023
0.269015399804929
0.305738366275476
0.35816611594216
0.244932643534042
0.230219547131867
0.31698773000575
0.212996358634198
0.276833978641635
0.275575294155361
0.221259680557471
0.253238485900964
