2437
0.0295940670440663
0.000229571984435798
0.0295940670440663
0.0717006349507917
0.110982010421822
0.136021640779239
0.192494020134091
0.23197657498408
0.245700399255287
0.280877548535806
0.303051806362291
0.320363796777269
0.398453414805992
0.442289589942825
0.51123459344251
0.53849722682681
0.616261539395746
0.655440960597865
0.70985410974287
0.774502789747327
0.807505348581998
0.90140846246793
0.99254482827258
1.0271721814134
0.0284359862556879
1.14743922216584
1.18080889266156
1.27165333469253
1.30031303184455
1.39479825201673
1.41228364982348
1.50417766846924
1.51605415089101
1.59663958376432
1.61834050343253
1.69197512996762
1.70958505467273
1.77727778676332
1.79369669150781
1.86305145152207
1.8636743635527
1.94188900718833
1.94550995875335
2.00729436924306
2.0079548576765
2.07515910936841
2.08749422996008
2.14490939398715
2.16053382900833
2.21374876004406
2.22183360364121
2.27924616674656
2.27930597298515
2.33832621905782
0.135574187943043
2.34447418024993
2.39675549891933
2.40680894307229
2.44404324951299
2.45415141669424
2.50081667814996
2.49965813353006
2.54850115841235
2.54581976826519
2.58998806428157
2.63563934282487
2.67860756427566
1.05790199903295
2.28796737015558
1.88337326975738
2.20237923586373
1.84508020536072
0.915846950837937
1.49488837004308
1.37648553306526
1.33945210191253
1.30577482839059
1.2927863809577
1.24932876329016
1.20929355617405
1.1445072608404
1.1016218770077
1.03814606723324
0.982360112574526
0.90664036616399
0.856362021016435
0.721617057833128
0.707658420627841
0.634576061062298
0.641222441946163
0.544227559806568
0.524254398095688
1.04655431334124
0.478164553224552
1.46070049667209
1.16805666786848
1.48645187327404
1.24477201418249
1.46444749225349
1.32334334886096
1.3290547566698
1.19347342461313
1.09140409564733
1.26234811707536
1.01671998442493
1.07313433199706
1.15345669123585
0.889362539685487
0.906177810804637
0.80978699980403
0.838735514643575
0.769632219520126
0.894529091744462
0.834133480722563
0.981109732019256
0.976603352809985
1.10483434240578
1.08055441364965
1.11677283541812
1.05113352054131
1.08137392358344
1.12757484087953
1.09705208256038
1.14473868159502
1.14525589926682
1.00179989638515
1.19983712142702
1.20512052924447
1.23676043369263
1.21677504867247
1.24213784785897
1.20690173207352
1.29256653664072
1.3308914242712
1.22967856607036
1.35950086729328
2.44580982312002
1.31028001157166
1.42053628276253
0.58146755658138
2.112206399332
1.36025909890649
1.49272570040634
0.930499801466388
0.757333199830215
0.74547903363839
0.0155010426589947
0.0155010426589947
0.0155010426589947
0.0177084122315316
0.017900517470663
0.0224719073226316
0.0211056135746308
0.0163790827874652
0.0180205423655037
0.0229604087500294
0.0199112075157024
0.018615044528123
0.018615044528123
0.0180093330677756
0.0230133541229033
1.14032810679261
0.513526660335016
0.517878074188209
0.599685703121358
0.692865497009393
0.795169528088529
0.885765819890034
0.892574653252448
0.955376915788009
0.932550633940961
1.0005844357314
0.99109688384239
1.05989684498484
1.04987880363885
0.945146331988372
1.11407713976134
1.10357994085983
0.320311822499603
0.0155830975066728
1.1628728765018
1.14132788164677
2.44756878162931
1.43296678680396
1.22328711027867
1.19084873961892
1.02134150639379
0.952617401982352
0.881441293067543
0.828192063555847
0.791420571144508
0.746395904475536
0.698688970268754
0.659645358576162
0.595262293572938
0.570784277163892
0.515390814210329
0.524945139042186
0.440939563218908
0.338567641342013
0.351336742672603
0.212721169298103
0.30256125783041
0.344331117780216
1.85134660804915
1.75636603531575
0.330172075492306
0.420422738800367
0.417972002933034
0.467484983303029
1.28227960250308
1.25500321685647
0.451687777403948
0.516721539819932
0.398847709887855
0.0151812599124569
0.480944151957494
0.559754795834859
2.64259117646993
0.53041989188193
0.593970431432339
0.528603379870491
0.596078120333696
0.63911476598892
1.55059367848707
1.49643884829319
1.63479331025996
1.59639654979076
1.7313557286488
1.71652530457309
1.81727701422473
1.63099674387125
1.70408817288937
1.6543047482925
1.72382196872013
1.66492865847184
0.631208654431104
0.679990929615921
0.681377033074713
0.726423455762791
0.716379903787665
0.758674617473828
0.760798637289838
0.789226321003544
0.789950940506141
0.837895280936054
0.836619801919081
0.870206313123164
0.868328516358622
0.911350698816812
0.898148965158394
0.936082460089433
0.22468805359698
0.181149314173132
0.223245948991074
0.902574896652567
0.303231971882391
0.453981313450089
0.55429914829023
0.629987790304388
0.657650726771267
0.697864764239152
0.716843154567515
0.75339905218506
0.779742579797185
0.800248458390496
0.840899421648485
0.858316826438287
0.892181509075384
0.907240176629919
0.940069816214875
0.955148115719106
0.808897280418154
0.99019791258134
0.982494556319735
1.00431106923655
1.03901797668547
0.988553514373798
0.43906532813292
1.05123360695344
1.02188937450162
0.878835712072981
1.10988924315548
1.08195446901601
1.16148571681205
1.11743264907049
1.18078441275607
1.19468017418016
1.1271138766382
1.18920678669477
1.0992887785133
1.18655374145642
1.11233923429024
1.16341157944975
1.27680416569722
0.597739830102094
1.05411180432304
1.0331840077679
0.980019741634985
0.954913541465983
0.912460390757432
0.958289222216963
0.85840907948286
0.831229429565028
0.78703250312888
0.74393241181385
0.727218443795857
0.685325420047371
0.651869239932062
0.596516348009971
0.55452336139669
0.538244485115855
0.491117389192285
0.440394064118075
0.36697074724792
0.313886678487239
0.246557104350131
0.0092943910786184
0.133173104012936
0.0260695758611217
0.0077781676271893
0.001
0.00043302440439069
0.674220655655489
0.34104448213909
0.0176789624645226
0.237798851008108
0.261769402544025
1.3572878559106
1.35094765299004
2.33640478101668
2.06148448713457
0.294765164190028
0.313028034728909
1.21519280577979
0.463402637003591
0.320696105360546
0.344208691967243
1.7592765064123
0.353698919695958
0.384557569584631
0.931446131802549
0.96723874992889
0.42005005015404
0.443003848779735
0.461054596014183
0.506575067054156
0.503992519201919
0.547104962720077
1.08659436395889
0.549637553257929
0.593125542357512
0.89997063389121
1.75214826618284
1.78996457213784
0.269964663649595
0.152002640190645
1.68249982125643
1.67845029781936
1.83474927901601
1.86831901645142
0.0934405178289757
0.102152210804008
1.58836527727248
1.75238749784399
0.100237219040458
0.479568853119634
0.606281183420978
0.616603163277606
1.22860809933198
0.531151298417547
0.377181397180894
0.0689212675878178
0.0961952625386555
0.987170568571155
1.03276367786201
1.43946348199278
1.41852433915259
0.0689212675878178
0.0805150430582662
0.111177903930951
0.0912462970259474
0.0953227784947921
0.0712905105373572
0.0873507040339705
0.0911840745102456
0.106161861286729
0.0742397343805425
0.0623539417054535
0.0623539417054535
0.0768031966712215
0.0483718454920009
0.0483718454920009
1.22379855216975
1.82085071672905
1.92453827069725
0.00717147556949493
0.0693921832708694
2.14905106050505
0.657925763310689
0.655741181960758
0.632459339305039
0.652908014798324
0.654797056604713
0.690051533892641
0.733559164412763
0.738261187291067
0.774768166667718
0.812613843574632
0.683559117654004
0.850217467160051
0.93461336048396
0.868807612348195
0.917250382148435
0.0689212675878178
0.340305682076462
0.801058066880234
1.35952506266436
0.125319971161942
0.58950658450979
0.247050707550198
1.28559272970853
1.22182396411277
1.16841551697204
1.09815326253835
1.06559675678418
0.988759272724572
0.97020873862104
0.90088131443745
0.873752024082438
0.798243800444538
0.734331971164423
0.642268506412869
0.467902119731886
0.44919143306023
0.00717147556949493
0.00717147556949493
1.71399641720068
1.1210200582523
0.712670659518903
0.00693227293507332
0.00693227293507332
1.04661424127507
1.10021175472464
1.05958399745341
1.13556463997928
1.12150647748286
1.18519265464689
1.20922156896175
1.26244150428786
1.29140695243263
0.935872976287597
1.1699899817792
0.805255096928469
1.91452108980415
1.95646488069509
1.9174324339666
1.3223421842443
1.34964208342568
0.00693227293507332
0.0105175435271233
0.00861008595971165
2.54775583869344
0.496334914694975
0.993355922639648
1.07121717887069
1.0239635293022
1.09183660045877
1.08645874263515
1.13133970557487
1.1255351879079
1.18209096705722
1.17134050869181
1.23325143358153
1.25932857803575
1.31129786655441
1.33541054312705
1.38994956005228
1.20110917712206
1.41754796392518
1.47350312182196
1.50671283106258
1.55907128202996
1.42116820670181
1.15006138318653
1.17180535410071
1.10755804459665
1.13253196833599
1.0542847953164
1.07948471012743
1.01220975011572
1.03673226951167
0.939887959604362
0.986244092692645
0.889795323082237
0.937387815043148
1.01562999142487
0.973547955608706
0.88706757492301
0.929476433326721
0.844030732114797
0.850715632970652
0.751671820998655
1.05578976156565
0.752638600370386
0.606946988432713
0.631045012896889
0.490633726748111
0.479945306716615
0.480116811242483
0.558585653724656
0.812930785373931
0.487257582992678
1.07766593978303
0.0087411846761887
1.41820431361661
0.951792881429439
0.981943932140895
0.00759552851364007
0.00964991071538027
1.37808606853192
0.82880622189093
0.749508960125587
0.0424937451609401
1.19072381014103
1.39455778998031
1.58156212853516
1.62533591746541
1.52272458273795
1.15481329327885
0.857612304147316
1.48034249325558
0.00665979497504297
0.00934408112446802
1.16297832283021
0.131303773782501
0.130301226361362
0.155850560098092
0.21055192789979
1.339522332116
1.39592322196013
1.11794254421699
1.59755121796682
0.994753245415425
0.851270278113293
1.86534426537863
1.62820653062892
1.65484080286845
1.78716153963051
0.790125338237998
2.0020520584924
2.03233664833532
1.99409833027461
0.717967026172082
2.59121063430272
1.49961861529906
1.18070027884071
0.00748561945013042
0.0104440572328877
0.00951521607927246
1.95273247127621
1.10870687933263
1.01600032824084
1.07427732528041
1.3356933075591
1.3788894823046
1.28518675535892
2.54396058930549
1.68185988056384
1.8081619547562
1.9059654190941
1.92485282355285
2.00173228413185
2.00964349979506
1.5735100011425
1.37973127843208
1.43188866102894
1.34682867877701
1.56599316997062
0.0108957093752348
0.0141993979747611
0.0108957093752348
0.0141993979747611
1.41201086320475
1.31879688921947
1.27390258094867
1.22958839301911
1.37170850647955
2.30988373653848
2.35282858760553
1.07116355301275
1.38897175712565
1.45490755621408
1.99249252400354
1.3563837024752
0.00794233815427208
0.0131170831070387
2.28284529006986
2.2416472905815
1.10137563572861
1.15251810486153
1.09869442550452
1.16485870177053
1.10481505263381
1.45352719718604
1.45310857108859
2.08563268657037
2.08802120329676
2.0007534636504
0.933495321486318
1.22176980214746
1.18140593034283
1.26271478464426
1.1658425924631
1.12275301219966
1.11990726789326
1.07575606974075
1.07518721113725
1.00308800306242
1.01005517856751
0.916604420060744
1.35985485172952
1.36754783129758
1.39706030861605
1.42060917127021
1.40002070714192
0.933483039843536
0.863250717485296
0.63690035737748
0.688930176874017
0.653749433165284
0.657351243829462
0.622994172497459
0.606913086731976
0.574108374862172
0.543856328586374
0.524221844093976
0.465478660616095
0.430633698634538
0.424974231498047
0.382266683644231
0.47106442774752
0.55900992690593
0.959734192581863
2.09801952191438
1.22437007932697
1.40689587305912
1.50520717984746
1.00959989310422
0.919188274986127
1.03874759620015
0.970119214037069
1.08565375091779
0.88247254137294
0.930272050512746
0.827267538422535
0.875717125943011
0.79286250338745
0.96652662556729
0.792821136017717
0.695170823150566
0.669645638937635
0.582319328300236
0.58047184560437
0.517297132012277
0.529078257368096
0.45916487818868
0.466284290124288
0.398182267378418
0.372169357398731
0.337682394637439
0.403554058482403
0.303795063823606
0.256328493573779
0.246882531607279
0.120568532889096
0.147520114841464
0.0635050250954267
0.120568532889096
0.0547336655171635
0.34411716539844
1.9014153057059
1.97620303873821
2.16453755108954
1.51235024591832
1.42553694591338
1.83352069985862
2.17490842141014
1.35225603184164
1.31409109541616
0.651670043977046
0.73722940650618
0.76325644038549
0.766891056396107
0.80418468022791
0.837667646235933
0.780370869998253
0.827345280068658
0.800570052408293
0.864196221155019
0.917567016409303
0.911863162864364
1.02225343048842
2.59490832251729
1.61944424251694
1.57719995096869
1.09118545066657
1.17210212438955
1.16353088795581
1.24856437384942
1.04722405368359
1.29283979246328
2.68078061823271
1.33464780075236
1.52270994775053
0.193864354175962
0.630143930589015
1.17859596960498
2.0799911326264
2.10779969309327
2.07548812227127
2.50911368190158
2.45186574107756
0.624307975749465
0.621912661506752
0.643261378942245
0.673909722775845
0.631377269365932
1.88087487119161
0.972583749914419
0.842094182160896
0.0108260693694926
0.0130333218288298
1.90250115099918
1.81728177508599
1.97683891875564
2.39990304075349
2.3918364713741
2.34390566771682
2.58899913572483
2.48906395826393
0.0125611388034996
0.0123448426313903
0.00945333842986577
0.544024258563435
0.858658935100272
0.757280881539574
1.22802855233036
1.93418050746391
2.20399110714711
1.35261213425181
0.945813219721782
0.955399833860941
0.781642502939588
1.13772022262328
1.38213039169643
2.49657868372631
0.492255642992615
0.377488493876724
0.458344570762866
0.309615637816994
0.294205726422416
0.401232923726556
0.349079121102
2.06914248095341
2.13855867159645
2.16924560675398
1.48428774681178
1.57285320349096
1.56143576542393
1.64985899088566
1.136815511028
0.827152239036963
0.805153747459511
1.09974137169236
1.24272405936446
1.22304736517857
0.716042428458925
0.675861023926627
0.773527570637981
1.27598067445549
2.386055598026
2.38846925681066
1.80295280052777
0.831561317087334
0.999764985698227
2.26995646691816
2.32069747488684
1.10459941174931
0.797779041827067
1.52802758789556
1.63089359815769
1.71674533652753
1.59422914675934
2.23007684520697
2.35304941813153
0.830060833930013
0.751839392961123
1.36095359758144
1.4579746815633
1.4110950950232
1.46719777353951
1.52903205554565
1.66050671605621
2.21362019114115
2.1395444538704
1.99533302092073
2.2961005491258
2.27408874029636
2.06225847784922
2.19952117470015
2.43971300198801
0.875690161209561
0.358575437804799
0.289489221627246
0.354958279626806
0.462171566209459
0.596629896948864
0.60631078149808
0.705676837538085
0.748909460721393
0.799382173899537
0.827307591579765
0.72232967070097
0.495659267652339
0.0123442651130944
0.495659267652339
0.692160296490198
0.7789927051494
0.753522838577199
0.842719472126916
0.837830439882509
0.534290678877265
0.258287299564012
0.0335765747626785
0.0335765747626785
0.0335765747626785
0.0310078049095058
0.0310078049095058
0.0275662253712026
0.0275662253712026
0.0360224018617565
0.0354266147027089
0.0426130670587948
0.0241486521913106
0.0241486521913106
0.03063446775068
0.0389305335603865
0.0412679277939548
0.0306421272609158
0.482521674815707
0.665186783392727
0.305549527420576
0.712048838259074
0.409290588923371
0.142593498009675
0.0711850192913769
0.515976817834323
0.946700081504976
0.947937557378882
0.0138686507869303
0.642286342257882
0.623715100097754
0.562662796396181
0.0441302400424701
0.78840237852683
0.841776180873005
0.595461325766174
0.0480003940568194
0.0366667397972338
0.027313521488506
0.027313521488506
0.027313521488506
0.138610287318381
0.595764583428755
0.638449483066266
0.38652114507104
0.411538160555885
0.403842899787015
2.40870228951067
0.633812449670207
0.287355758752873
0.636392601651486
1.66099843398297
1.73806887320218
1.47283012241867
1.17805591700212
0.764026796956395
0.792530143357558
0.783788063317633
0.814090197832065
0.802613261846792
0.842742967414091
0.826717690430787
0.882160489518667
0.913965248854459
0.842667247707076
0.877955823178242
0.993615668988818
0.796036270846876
0.86292441866027
0.776878407527096
0.843260408623917
0.787169630691564
0.715245057269775
1.43951528228123
0.898674591926151
0.887554935767368
0.870201765477436
0.906869670494521
0.879271481646435
0.0123448426313903
0.812809258267257
1.52235126934586
0.986853784686799
1.01145315854935
1.4026974644991
0.894516844546618
1.50640674148916
0.677640833642824
0.794867101269475
1.92809392839608
0.907051626588342
0.938572130006867
1.79817626258886
2.63063100124878
0.998749144585608
1.30214584290672
0.715007677606337
2.0733542571484
0.894129404048035
0.0141617055381094
0.00864294073179013
0.248280194666474
1.52660461552237
0.904118995006823
1.00011518447572
0.526742619558771
0.370574556892652
1.76748566754978
0.0249848735878004
0.0333724753559341
1.29841318105147
1.21031569595695
1.20124268078176
1.26999253831552
1.14561492255288
1.19752034855975
1.08433527756848
1.11789593336241
1.02191814007823
1.04110996311649
0.956945512008063
0.967593875654619
1.05032002303649
0.980590653207686
0.888503932349707
0.914436984148485
0.797353213310739
0.830396423588031
0.659133699981659
0.685575851379501
0.486134174559315
0.530587453289972
0.817841889741749
1.14454846952987
2.12554620615299
2.17046758006913
1.47148222855946
0.471288997966458
1.63660471655772
2.21825789781532
2.00884620934068
1.30903164490569
0.884184309065616
1.12314653234183
1.44169476295742
0.839967605659512
0.984198417287908
1.23339943861918
1.31993502222505
0.733391350367863
0.790313179753773
1.71970078511603
1.84555338021027
0.834714692721534
2.02228714073661
0.742565107871015
0.741839614774501
1.93341545369277
0.654750171116072
0.93267102852966
1.30466731670975
1.25203608782362
1.04467943366173
1.10765207986988
1.52467012708649
1.58158927110399
1.77817414891902
0.828936581973218
1.53792048976363
0.803699709977025
0.843592238766584
0.906943549290871
0.982369027880906
1.02415213043626
1.42396416151712
0.0208619918423061
0.963831594703654
2.25586055278466
0.565277282576082
0.60229733082623
0.935533788251496
0.73434491238743
0.804351950456196
0.00717147556949493
0.0475724173645599
1.33091364055502
2.05673343748499
0.866013125359712
1.06054062890217
1.25080246186561
1.29529693279486
1.15665866409547
1.20562779385703
1.25133159249724
1.18724822188897
1.22398567294409
1.30098359258574
1.25277625503595
0.78018103071492
0.344353637398832
0.238079410995694
0.578032920064253
1.05966965614744
0.786878357627706
1.88510146037746
1.3644572749893
0.946580466011072
0.891212228077972
1.26159428448895
1.39694462123672
1.45856857343076
1.54684887116528
1.15833024863579
0.804547122885129
0.925540374015866
0.734229069073267
2.24014152636191
1.58170834457917
0.876453144456221
0.343553317968964
0.413936692589346
1.13840668813389
1.83926925899796
2.15738341215137
0.738372808636014
0.78620678119683
1.90791588589165
0.442663575645046
2.30084298342785
1.0749878351719
0.894127168696523
2.04424261386578
1.33177116801466
1.3337320468412
0.0137377938507333
0.00894153658491868
1.75441090346618
0.0249443650049691
0.873716545632088
1.80159645668148
1.57813278458746
0.902435084964948
0.958254190986312
1.78298214952209
1.50964662125346
0.975299026874977
1.18933453782585
0.626704735368345
1.66548686305598
1.04064352829129
1.0938009565931
1.14568188039555
0.486549091185637
0.230264006598013
0.234796886482723
0.282007890873284
0.295185854892663
0.338259770776115
0.229504708182613
0.0424937451609401
0.629599722685891
0.652305230529294
0.637475769497897
0.75414019494458
1.10348650048716
1.1150219122009
1.1750305396096
2.13985673042514
1.56979767109881
1.33640966191059
1.66402968744537
0.95598868755552
1.86873442793969
0.513927012587416
1.10666692572421
1.38044687634237
1.29546631380464
1.15143998729147
0.917976559776831
0.92967746064431
1.15234774870582
1.06170870604302
0.975766142295382
1.43938097526283
1.35208383743242
1.73213284837552
1.15255264288582
1.11945651314118
0.716123991998082
0.621163151788684
0.912518412640552
1.32129082398512
1.46558543729268
0.948202105297182
1.22431560975222
1.0260089172058
1.51427609711757
1.24711116406361
0.786572665330947
1.19258301675229
0.904910367589094
0.735500161298532
1.2030483108022
1.70120631933892
0.995592636748851
1.65023136669417
0.55105327939129
0.604426269838013
0.537998418441002
0.602955330001092
0.512005633123223
0.553457631027494
0.492741414654054
0.629424513884729
0.435654493695471
0.414463766006735
0.342565583762698
0.300147548730753
0.239758156520742
0.213241869820878
0.114617347329398
0.0753661312573817
1.32483692340555
0.608355997857376
0.683391491082233
0.703591723804061
0.881130132476435
0.447554120375112
0.573893397710973
1.10358615790474
1.13913268161491
0.0232303895919412
0.0232303895919412
0.0232303895919412
0.0734210480647063
0.142618540950135
0.193557050515048
0.228820046496539
0.257832888828934
0.315715955869611
0.334480890831518
0.38695212110393
0.393668479800984
0.262941039638517
1.15172632779015
1.09897378175203
1.09627150251395
1.05130118169514
1.0077963454289
0.904860757592905
0.99260929170987
0.775035894781486
0.476863226568945
0.495661537303642
1.14840889879755
1.16892132095058
1.17313518226181
1.42990783141413
1.32248381222693
0.797352765144173
0.82329443874655
0.707002342501412
0.911348354298822
0.958500930333961
0.0087411846761887
0.955244709751127
0.343436309438049
0.368377539881845
0.391316254863837
0.428004304322249
0.829541459024542
0.611406192576988
0.49585331240821
0.615291502704851
0.638787038995936
0.280311604470618
0.418651563366647
1.34493131865708
1.29938279608294
1.1469608429677
0.705999485635699
0.616705245656107
0.663683867745862
1.08005216237349
1.0363208925173
0.000229571984435798
0.0753661312573817
0.800135740103206
0.763585233969799
1.56435103731128
1.58669256893315
0.109954769446253
0.770082295558785
0.717715064224374
1.11141518953982
0.542767840822347
0.556548306862882
1.14034725105542
1.44270824127187
0.295559527043535
0.028400828817973
0.0378794236495062
0.0378794236495062
0.028400828817973
0.0573689311990771
0.0349126000722649
0.0643769860707501
0.0349126000722649
0.0664216599280755
0.110280180573402
0.11295299150883
0.0917866976807487
0.137803672470275
0.118553472218569
0.167959647559839
0.131855097315383
0.203146791841965
0.191830145892095
0.248591076370339
0.199785957917712
0.0378794236495062
0.23619885385814
0.308952253251517
0.294082934545469
0.028400828817973
0.158993744915632
0.0818951041076318
0.312336478329725
0.14047478458089
0.358784884824198
0.365387924682319
0.05459798700963
0.431340736204077
0.434436250702897
0.132624458791744
0.163589799313623
0.137712046646195
0.298598024090701
0.329109257199895
0.293095997319821
0.25677411739027
0.334805530120119
0.440397880062269
0.423077401433397
0.25024031608607
1.4744444306975
0.717519113166157
0.788234452403984
1.51227200273356
1.10950624541791
1.40919381392799
0.554466139266432
0.0628917385747322
0.433494870949965
0.169876668061622
0.204638999774412
0.124409016612666
1.07597222038203
1.00055841872074
1.11815967949297
1.35655589457471
1.11317643312848
1.10865457099847
1.38512707524179
0.572605579361963
1.00564548410461
0.0121031478629151
0.0143819483944059
1.43099217830362
1.08407341840623
0.488861108854331
1.17983365667784
1.27379544871946
1.01088568618442
0.247624371818121
1.3912315376703
0.570388406496206
0.770321441339514
0.873701439039332
1.2767815931317
1.23037803837977
0.829896576420149
1.01802247068046
0.865639587580397
1.44531264698081
0.804898358461963
1.31093721108445
1.260774411983
1.35489340924038
1.36763306163998
1.34461584199157
1.35948193280524
1.42998328587319
0.0228557542172821
0.671262355474754
1.03753923075874
1.15851597228076
1.50668931845182
0.838530343908505
0.718742855183662
1.52106940262358
0.319121733223472
0.301735089103298
0.380737026193427
1.01011442086636
0.885667562840463
1.36972422827713
1.39587444315569
1.26049861295853
1.23477432630534
0.820553250912183
0.900755509569236
1.16070577871069
1.57475814935509
0.658677788466371
0.780244855564776
1.23210481023261
1.28069612390625
1.29759090618835
1.14821951726605
1.23417098406181
1.27463494366605
0.865048931742219
1.28249736928816
1.31062005555104
0.262616219501087
0.499188638726085
1.17480721151351
0.914310098734811
1.23175922509728
1.37077521684388
1.33068821356726
1.28922984277215
0.98755249710161
1.23622966586051
0.273944135520393
0.379586215841499
0.0753661312573817
0.609039405779571
0.669464168853799
0.468283368604976
0.00945333842986577
1.12869409685649
0.680944621789931
0.735679233562521
0.681253268359344
0.866322064878273
0.91806179521134
0.919230138703343
0.968662821845809
0.976521039735854
0.614017548887055
0.359808459069359
0.503723981054021
0.0916507081732939
0.0249443650049691
0.446322014173176
0.517540780673365
0.465487802426792
0.00991791766999595
0.791247725317134
0.157378810324111
0.380494334339905
0.00806775512297942
0.761461632513116
0.0552151151150658
0.330746391584114
0.749903100855734
0.056122169246569
0.0550288831368121
0.0475217217301125
0.610379991227411
0.553209852048411
0.645333438938244
0.552887327891128
0.0116882638111816
1.3443365799487
0.213823406252134
0.0714491683852424
0.158792503014807
1.4392490791507
0.374019039000966
0.544239846038545
0.734235170628853
0.20903658741096
0.694744399848471
0.916593723468839
1.3186384169459
0.704062603275414
1.24806039188445
0.916083700827838
0.967190453922967
1.26644830178781
0.677449785681821
0.430428696942885
1.2447884918333
0.725632386497495
1.19779524496689
0.872355061414739
0.911599597407708
0.496006607446871
0.509855923105193
1.38721069610773
0.738579933205139
0.878533511852156
0.539566335455201
0.898945471370125
0.908749056958758
0.955066350415904
0.764489819146635
1.10599619920996
1.07755281067352
0.894533703522859
1.07793712743079
1.25910141867336
1.07544925712522
1.21660315808452
0.476558659519351
0.548898750172474
0.861953510689435
0.922008819624178
1.01817232572053
0.700339619662629
0.649450355097531
1.25451609719942
1.24592194236164
0.410225427057802
0.447332405376029
0.499160203708359
0.208775002308442
0.228346678300809
0.206589083983184
0.871122596981082
1.30950388751009
1.23538952735058
0.409440007534857
0.676999468699783
1.42959722179382
1.28492597593179
1.51402463994204
1.40600678007903
1.26555530943058
1.26891771456297
1.4514575324089
1.53983688855088
1.6271385444799
1.59007173220044
1.5581714943829
1.49962303592783
1.37551489552205
0.28688118047089
0.0228557542172821
0.0294530823562208
1.05247985301093
0.684054173630923
1.01045507098609
0.822847031997482
0.99389095678596
1.00312302753524
1.24038233077094
1.2282549970695
0.931711622608135
0.727978245956481
0.762483699591997
0.890107179682329
0.921285601393187
0.655000936649453
0.0155830975066728
1.1958567236059
1.28646088696002
1.26892569467847
1.22591435769301
1.17012218350822
0.227264882802989
0.516732007208604
0.563811013877723
0.569200195233372
1.00346763617757
0.631188296377296
0.924233303379662
0.944596369535469
0.734122210363677
0.837886634273245
0.971654230486397
0.263898639490795
0.69443874733388
0.827960877527678
0.865754123629388
0.654275780494745
0.721192767398023
0.860930501229767
1.22134797948203
1.16795470897971
1.11658642834829
0.57311478800153
1.0286488526137
1.05351888558291
1.01035010775472
1.0848649756981
0.217536090623568
0.395777061191766
1.17820338571689
1.09310045378181
1.06007876971675
0.9949958857849
1.02399698183171
0.989180471286315
1.21790361045294
1.29228843464549
1.01297517956157
0.709635673731065
0.55090572316211
1.06363428504043
1.23205087956565
1.06657464236345
1.02747854614319
0.621574994230369
1.01983661685652
1.04243436600568
0.994049533983574
0.536398303863705
0.512838824992388
0.110579516092932
0.590214590592628
0.76026968288117
0.298713190753066
0.520410663517635
0.567005756452023
0.442615231868819
0.399840915496154
0.0692307367627909
0.05414037939336
0.0483479923940955
0.0503477641438339
0.0722847516692838
0.634259269802451
0.647635604158362
0.89648912847964
1.03086292861715
0.748136680934822
0.979584935688825
0.0168717868123068
1.05826340467891
1.04086404115492
1.06272809816896
1.00287324880954
0.314369981935143
0.276613610713693
0.975067003627437
0.850703213713635
1.322399956743
1.27708147834409
1.25339542142894
0.72934985159646
0.564934295470278
0.368782181297377
1.31963172572729
0.911940417018059
0.923751336391616
1.20858302103027
1.29632055931529
0.942428586233427
0.921796157697385
0.907460738491248
0.85049454071999
0.884400556727954
0.835501117989293
0.916526086201342
0.860476326116387
0.791204981435332
1.34092590889143
1.23179143108067
1.17682026373321
1.16768981020919
0.920792545842823
0.717873242896701
0.485315916847902
1.10815970781419
0.5623418478412
1.05039854404777
0.0136729683390962
0.0133338230985598
0.0133338230985598
0.0133338230985598
1.07959330675242
1.23567579514043
1.21861192473684
1.31336037001245
1.49200996443732
0.633138714061282
0.959088949683091
1.5078132439884
0.635097211298919
0.804558659700684
0.819338483916156
1.17037870041728
0.629962873890952
1.06330808197803
1.0646588050557
1.06499947865435
1.04604911495143
1.05010315533624
0.824769327112826
0.848822065664989
0.846095739437813
0.476383214124412
0.938375806470591
0.351533984737059
0.761380536651538
0.705273995723776
0.701412078280303
0.656968399925374
1.00029855389422
0.509472084683512
0.58016663405837
0.754723954428567
0.747078217943392
1.09733832117548
1.16636446352174
1.10408927258624
0.661507314896731
0.575366370604651
0.716084826862181
0.934670987086457
1.10584199064049
1.09504424169841
1.16662830951173
1.06960722193814
1.01041393464945
0.974111598879697
1.12139423231258
0.0146299548892645
0.852003017556843
0.875431097186249
0.935521423496132
0.966012093409931
1.02163538439625
0.596566659853824
0.940065464341907
0.496047495266935
0.464064438959919
0.541105809069442
0.994893186225767
1.01552930243912
0.9379400099778
1.43665481128574
0.507720258635353
0.881965455835952
0.473140956979951
1.35249459552286
0.968586342459663
1.3843834721174
0.866205870039888
1.20711758445048
0.216113864112248
0.159690469288297
0.30249299836962
0.666885611005708
0.609415092137512
1.11053411262155
1.28883378172666
1.18111580214219
1.18564118816081
0.841332501945419
1.08489974787711
1.11098975217254
0.469805952124013
0.000229571984435798
0.050777414964769
0.050777414964769
0.0530820551697584
0.719176203299415
1.1938258568044
1.16182350981323
0.533358848700871
0.478305540802409
0.752805116317519
1.06852458842878
1.13308195705392
0.602837517542341
0.603547322859848
0.668081432694596
1.23169611543005
1.2264089064421
0.771783735060613
0.562171893404093
1.13000089252815
1.17623589656921
1.20090759771429
1.19306494068499
1.17807862416702
0.474735423168155
0.641283847665757
0.964022579380307
0.0225281589445186
0.0247334399083585
0.0229395640440168
0.0268210046581183
0.0229830176301675
0.0245614134066162
0.0263277755906463
0.0210125158531402
0.0198605249872002
0.0198605249872002
0.430039840077368
0.497691795629112
1.14577144053253
1.34675839454146
0.835459743010327
0.33877713648967
0.292864076333245
1.01437832481095
0.980149946037404
0.989419602426038
1.01090973819561
0.736610524120954
1.2746985381868
0.833839028619263
0.0155830975066728
1.37486333921683
1.42433500092129
1.14377491665226
1.22797944385732
1.09811953046297
0.598242254816772
0.864648522591893
1.00878032954246
0.378352314729508
1.06313051444864
0.441526795026627
0.0180093330677756
0.745258821268942
0.217227988783805
0.941559259736253
0.761280415512202
0.913959133052017
0.974917787971069
1.22260483318969
1.13340801343598
1.14088009251671
1.19770947475468
0.851621623885491
0.680330660199926
1.08308102270715
0.623809393721394
0.798531780556685
1.03067583897864
0.924763219415072
0.235673874943065
0.861183406326469
0.891008368760996
0.573066637645047
0.991125359066454
0.746288889112899
1.05426709191093
0.423301843141274
1.14217243927827
1.10528855759913
1.06667563341658
1.12450266063165
0.742841060410553
0.798341366880954
1.16164553265421
0.885122256860143
0.850286196982707
0.653439202904641
0.818973992461939
0.748249598168829
1.13162178342011
0.978581656895767
0.591563584554069
0.701862313364927
1.10650335307949
1.04529654654308
0.992244935054233
0.585894923943833
1.14524765864692
0.281501178507845
1.14969953786711
1.00988631403474
0.48720852986736
0.980826711649942
1.04335568465866
1.01713113692878
0.541594154342455
0.564503723140764
0.919927562385237
1.13849333846067
0.735737705067516
1.12083339453898
0.399761386854934
0.741199881664572
0.88878596048346
1.17829813853431
0.937007286626459
0.0164850163213296
1.07524416525934
1.09377129802005
0.198785482969312
0.359161756601135
0.5335947790384
0.947399648792319
0.900528697811981
0.95105288247
0.881746008097171
0.841684528751817
0.965112019662179
0.770217283192539
0.743494228508465
0.223016022876318
0.852920321073772
0.642365089198245
1.04608239583124
1.06827768628234
0.273714805160389
0.834808725053371
0.993710520786838
0.249881676087483
0.736141927201979
0.370146541041913
0.354594623996523
0.368075164912482
0.328907646001278
0.213232576994152
0.291823566819118
0.96652989692704
0.158872501794619
1.18247315037939
0.555599193313789
0.0208619918423061
0.0462348495729271
0.838843560444478
0.214319026944752
0.178733063423464
0.510300691466124
0.552356952720945
0.542948314246496
0.436951952226189
0.445659148452333
0.66342152241071
0.581766635784718
0.570919961817191
0.76993757305008
0.850552277665186
0.671025322571479
0.506357687031256
0.517881147396933
0.476820710972299
0.669917568091231
0.593389270914305
0.522123311411411
0.515493652226346
0.751442231450639
1.01054386311728
0.0108957093752348
0.906486075335614
0.156765844062937
0.025056539295087
0.255681115743059
0.67676578682362
0.0127045800176376
0.378828665936829
1.57412433713106
0.322548887680207
0.442214611626636
0.400012422135137
0.827894635233968
0.0295940670440663
0.0353546349356442
0.0353546349356442
0.0353546349356442
0.574854805723175
0.447218302535847
0.497232780867102
0.536617477195843
0.632596885796269
0.689924477155935
0.881360567406525
0.353528059669869
0.945553029064165
0.209762951322198
0.256381442861519
0.118304145568979
0.757533731344402
0.68945951373458
0.106742496798033
0.133127244874245
0.0883240703311059
0.0628917385747322
0.726393216570936
0.896914840932694
0.013295322475629
0.793872830412035
0.0263760573713999
0.828886167841346
0.87620606380082
0.713615259715373
0.515090374414416
0.550852183346414
0.786787506660232
0.937858817198067
0.902840052216551
0.418311481858003
0.35191846580083
0.863048684826775
0.787041764876498
0.0345368469012298
0.899849182805638
0.748962906962042
0.146744086723019
0.138610287318381
0.229038764439443
0.325488582060547
0.165028897880179
0.900493183882002
0.3833621510712
0.579452318793953
0.0052497554765569
0.216789611846295
0.0699718905803558
0.440565993004503
0.0635050250954267
0.0123448426313903
0.719022170107943
0.862229873803377
0.929282075247209
0.0451170131427713
0.00922546811626239
0.507527279009039
0.0121337460888581
0.0111050398819834
0.139733016028762
0.106161834816722
0.349936855810928
0.315577382902229
0.778344130717852
0.727771733638633
0.800787279030373
0.366849126860256
0.300845567613832
0.220511563663544
0.231615410679144
0.191823211585676
0.879761683948607
0.910772398162852
0.983888517648124
0.0077781676271893
0.0736786539143419
0.30244034302535
0.559106534103187
0.796190269612569
0.0709111039333043
0.0349126000722649
0.725452456186993
0.965237393819139
0.517599584806972
0.0202822096980242
0.0155830975066728
0.165085976729273
0.0232303895919412
0.371183455939818
0.375629061877296
0.432422936381088
0.404405952130668
0.781503716828575
0.476199223888239
1.00870722319129
0.441329137942787
0.0747517572087259
0.576429241040577
0.0318674721718824
0.634306695163452
0.0201384531408938
0.129653956980055
0.14387385280576
0.207361588254689
0.613617754086848
0.706874471211109
0.784492077148438
0.106454011575339
0.836337547865914
0.05459798700963
0.539352705837267
0.713032008783286
0.532285145137637
0.797581567789176
0.626293318621334
0.193857359181144
0.206878457485463
0.869531680057677
0.857156283222855
0.4046814760937
0.419061756607079
0.0366667397972338
0.528736560299769
0.887800401271001
0.151102131654634
0.942801117654846
0.100526148214051
0.527401338453102
0.797742550716208
0.0176789624645226
0.558828353591007
0.944336098415053
0.946116836982213
0.0252253838272218
1.07033836964676
0.000229571984435798
0.0969422822224634
0.000229571984435798
0.146234560421002
0.821791922085324
0.125649227829692
0.361513996924628
0.844638678220069
0.64988268301916
0.406042206262341
0.347470334048224
0.321955389494558
0.7642544914631
0.641060254964288
0.644337067315953
0.495018076620181
0.0208619918423061
0.410264503984949
0.717616457891616
0.870287794966692
0.463141857740529
0.572961421339375
0.485619582147346
0.510164499702184
0.343012841440936
0.376483618792758
0.494272747311369
0.605707752214283
0.190911210488274
0.870977185098202
0.0253579421062616
0.0241486521913106
0.224577872340338
0.00806775512297942
0.0730927427830156
0.0264543862552836
0.137323865720642
0.235262130985937
0.26657672418885
0.016884531986159
0.0345236321025228
0.0483718454920009
1.06373221523954
0.785440890762824
0.276742166996785
0.557781407504981
0.663916736459991
0.00828445032311241
0.505738878868592
0.594430235698556
0.555719531086735
0.0475724173645599
0.0714491683852424
0.281358077162777
0.702154486998438
0.718653441505993
0.841033217627734
0.806281223571059
0.77229789115235
0.89592831355145
0.824320583666654
0.479749993743434
0.0451170131427713
0.0118234473322078
0.573134613742666
0.598162238494421
0.980941395579596
0.243408556200265
0.00934408112446802
0.692160296490198
0.630264484188349
0.713483055636363
0.571932407758595
0.0137236664431018
0.0138567728970366
0.028400828817973
0.837107460833362
0.00945333842986577
0.249199723537232
0.742619600978799
0.846448410554277
0.247630017662138
0.260113134526745
0.310352669005607
0.394177749299904
0.41585043284771
0.650161797931186
0.550549627121834
0.0374588064760487
0.108965094004857
0.0137236664431018
0.7343771813973
0.606710769316627
0.126613094196525
0.0326383505783458
0.415273628920499
0.29042570557599
0.658586831110932
0.660817738162918
0.815064702859847
0.0104881215106934
0.566359381804614
0.605239568895189
0.0456242320093866
0.00806775512297942
0.041086996288998
0.336061493029288
0.507485032320911
0.168226991347874
0.367143322213608
0.0547336655171635
0.0547336655171635
0.37436044043754
0.433583968765283
0.216938275567291
0.0593190180865738
0.44245605351774
0.0413261056858023
0.498669945977378
0.507726461815273
0.0593830911868207
0.276256373509844
0.577307306169426
0.55346401375141
0.0424413974619196
0.0111050398819834
0.0647324072658913
0.547586588518451
0.0123442651130944
0.0118234473322078
0.0636399879824157
0.0732655735721975
0.0722847516692838
0.0111050398819834
0.00991791766999595
0.554149401376864
0.390035093854558
0.510957079962504
0.406287744305027
1.18871872152575
0.25218422803669
0.693976971814261
0.546483003081522
0.758506139272975
0.287988028858836
0.363115101759467
0.791109621458131
0.877418103378424
0.751466541585905
0.196693139610009
0.988831300017283
0.721094374748594
1.02758147123717
0.62400968673922
0.693799036769093
1.07552391508757
1.07961105448079
0.49957629465591
1.18090856864868
1.04850530701269
1.03451743337171
0.896702733466446
0.970570916941501
0.893903321656777
0.465232901633882
0.708235445066683
0.968803958734564
0.146091861719023
1.06528830969323
0.808569644517179
0.0906871930897512
0.787792290476589
1.47839965792017
0.929592252633799
0.537160079875467
0.961981728030153
0.847605567890233
0.628774825522674
0.725725296067984
1.02287374536001
0.735746951506572
0.767351860146291
0.634084367750577
0.915835192523835
0.751744001808533
0.926410528243727
1.25772197029807
0.982092762104986
1.12310894750791
0.793189886776056
1.212314256582
0.855637077115022
1.23577269079016
0.128304225053325
0.173274248027742
1.16471008433208
0.917596488153607
0.7893590039541
0.795840461096306
0.423477709462561
0.218282090462516
0.933177908185933
0.588291686452658
1.4362741122243
0.754814191580238
1.36738427914361
1.33711054574434
1.36894150987941
0.842287306574451
0.625305468371298
1.05564919826196
0.829023634669313
0.336347649047936
0.384481632713178
0.0199615269832529
1.10871219285541
1.03425664591221
0.218628638510012
1.01171333243578
0.792691852539351
0.91836593831771
0.704914149440869
1.0484877436703
0.701063326101377
1.0149067278655
0.990025698979832
0.97631771221623
0.98173947110714
1.36581652377428
0.414221723746032
0.242357444959888
0.274958462273064
0.702243755482942
1.0197370915871
1.04000612049095
0.281876280634763
0.176530077918579
1.17732369658356
0.959974807630769
0.716197687711628
1.02626258458522
0.461659603955208
0.65933500233907
1.07316483843157
1.01090781254096
1.04940553651029
1.05357395092355
0.992796384987049
0.684619272984433
0.67610836769549
0.952524471926748
0.849381995520467
0.223806238178036
0.327990220170798
0.908338245737691
0.574527362458958
0.0284359862556879
0.239409079220547
0.499108393646214
0.96961926647547
0.711415503919397
1.00638347588685
0.897231188258057
0.247406808520298
1.12114290547916
0.379197703076078
0.971658153875759
0.893138777966946
0.0166350070922267
1.17458359760289
1.01642785632195
0.218318695311986
0.616462415679962
0.910591554800798
0.970067315549624
0.263113385786043
0.294996194552593
0.938492325076194
0.873922943407361
0.611452001526171
0.537553313612056
0.640925432296259
0.401589082431853
0.529808346557642
1.03862062809928
0.58046106947252
0.392038802412728
0.619218959324785
1.08915869069372
0.0883240703311059
1.22814682119612
1.04161947061994
0.909501562160012
0.797537805572302
0.831055349729093
1.1111154712036
1.05311573771989
0.785093619148615
0.951407383814419
0.470558927117893
0.694781737071035
0.432697020036828
0.522098747177072
0.97282813081706
0.015851904136667
0.682115375994758
0.876023614548067
0.910604904003555
0.805853873951513
0.196260692980606
0.282203611953506
0.810928843182473
0.213150086063466
0.716749810377491
0.0180093330677756
0.175670048729762
0.850263153903509
0.896347373544849
1.00951569983235
0.939168533536992
0.955789216318585
0.0172847268115611
0.0152057013506833
1.16135001713405
0.530672811637494
0.695520040507542
0.764419899260012
0.570805724781566
0.516576023608799
0.928666487578008
1.10767829672997
0.226797944877042
0.995705505098629
1.03219874484529
0.968505881234597
0.893018759844327
0.416992887582424
0.55121789662525
0.0201384531408938
1.07714897646817
0.599167956503089
0.525809460065755
0.342412732128134
0.846259006232321
0.0394527072933655
1.30093016920972
0.734596575079082
0.461102885880949
0.272394158084959
1.13684462868959
0.0205608181286468
0.94171690417112
0.0734210480647063
1.04347636485594
0.538041848992865
0.782009352852316
0.311230972211107
0.222506711662983
0.911241124346831
0.445223052015204
0.660728323243034
0.206502080567404
0.0284359862556879
0.835720533193451
0.660462209170045
0.905758069874451
0.73081675313699
0.879755676105424
0.294926364305262
0.0146299548892645
0.000229571984435798
0.716870483153615
0.845678883882732
0.469436448515571
0.842061835672421
0.491635353207328
0.323417964335482
0.0204381243343688
1.02993940274479
0.31908326950501
0.851743940487438
0.724750887678338
0.692359710691538
0.372649540304054
0.0151812599124569
0.98030233178604
0.0955069904103152
1.0619099869467
0.861990268498624
0.634140432749998
0.987906747926678
0.483226462600046
0.795329480014018
1.17101322674696
0.324642119264593
0.24767090595158
0.80937411320514
0.950054869628297
