2437
0.2
0.2
0.062425864263449
0.0518259187142719
0.0313157939921885
0.0234072833218566
0.0221239837350777
0.011414131021428
0.0247241833916292
0.0364820677221959
0.0216188429668823
0.0248755441691735
0.0124838087393957
0.0220633955776608
0.031014883794638
0.0150239354876595
0.0342918796378937
0.04230358484639
0.0301530156103905
0.0169194259525612
0.0401330274336787
0.0145136867369206
0.0122255263321167
0.0291723428319957
0.0657892365900963
0.0143014057954613
0.0347485413959154
0.0286144944655389
0.018750942016816
0.0252840226159912
0.0456195779455868
0.0270253210305377
0.0100071451879411
0.0106719564204025
0.0758387742630209
0.0258156837302351
0.0349793765287547
0.102855004076738
0.167707577048801
0.146598603336032
0.22937327131437
0.149644805599803
0.109129715123497
0.20798864612581
0.277215602418938
0.101854367242452
0.107083042226175
0.117996031810825
0.14286472525143
0.111371005770245
0.103538390835278
0.158664656507112
0.203709945283942
0.224607878212059
0.0135842298747403
0.167387645724849
0.296365344761076
0.123264253725472
0.197432641881112
0.122535174881275
0.156396774500311
0.119475940998825
0.178787687304317
0.29995777719057
0.104341762377416
0.150231993424678
0.106946545744446
0.0183816412419948
0.199131951283746
0.026246869227389
0.120399244045195
0.279023142887747
0.1
0.01
0.146867184603778
0.18119829453556
0.251984328938006
0.217423694062673
0.227411223554754
0.115254940525174
0.112503177423083
0.19222443192958
0.219609616900499
0.193362943162871
0.217540481082166
0.127462022888606
0.130388856992809
0.0941479064037587
0.01
0.01
0.01
0.01
0.123368810287086
0.01
0.162781020459643
0.138124046151685
0.126097512277232
0.160135648879549
0.219163514134123
0.225891484599649
0.242325070171305
0.244292631874271
0.204263915385099
0.11031616040073
0.189725771112116
0.207419675418637
0.283397661618344
0.222626886759792
0.31269598878523
0.221646209575266
0.298204742011965
0.185123225705131
0.222558181810997
0.119446710887146
0.143664759009888
0.135171112912453
0.0945026684994043
0.115582434401712
0.108633393248396
0.189741440841131
0.218662631552025
0.115200945652078
0.187350044107953
0.116223140528019
0.0582863210906732
0.253523302136779
0.122454800201394
0.0345819173164971
0.261709963912109
0.0303646049200347
0.289764084236426
0.127384828995062
0.153033833329996
0.13522114025291
0.111123161316018
0.148104673565647
0.123342841912378
0.145459128265243
0.215573542141481
0.0168822550321055
0.167152296659618
0.136413093006715
0.107099483935167
0.15534525099473
0.128527334152029
0.160987713396355
0.0782146928036671
0.2
0.2
0.2
0.2
0.2
0.2
0.2
0.2
0.2
0.2
0.2
0.2
0.17917059973501
0.2
0.329009614545321
0.01
0.01
0.0523802023437315
0.0681878858185272
0.187860097939728
0.198907093284413
0.150766314623984
0.103592800119766
0.131608184916016
0.110890480267106
0.1775568307579
0.200314236892553
0.136487832906308
0.105738101237718
0.110909772054167
0.116383159387378
0.0588371121440185
0.2
0.124693283578691
0.119139691480371
0.364298368513842
0.0448979161617311
0.156183183715059
0.03
0.122671731550607
0.189586812691815
0.241112329227619
0.116698614924067
0.186665093962938
0.149657684320056
0.131931277653509
0.13164289410727
0.14222519396405
0.0948852083518275
0.0263783390540796
0.0244271296594249
0.0185077266959065
0.0136838286769738
0.0241588760386339
0.0212709689279715
0.0193554776939853
0.0512034582948699
0.182394837720981
0.169858897378842
0.0137942760134705
0.0354980487956364
0.0110456769888586
0.0124718094226862
0.116981929703284
0.0870562441693613
0.0118737391855055
0.0189291255345578
0.0283080458847188
0.2
0.0102678306135106
0.013669656983566
0.228630180361741
0.0198511109852061
0.0223653302254095
0.0622771409024804
0.0139503069930696
0.0147218896570512
0.112891522562242
0.0274174271671574
0.222664512915377
0.0320974437640161
0.0897424160641599
0.0965061458552294
0.269389930291953
0.0415099267881541
0.0235611234385379
0.0191409959587801
0.0793139872074643
0.0534797767402474
0.0160320815505315
0.0131296033144882
0.0173245189551047
0.020868508988417
0.0224619309693453
0.0158870197083861
0.0252119614778951
0.0191574687403884
0.0246488567016265
0.0274755731243978
0.0165590786372919
0.0170178417785795
0.0137948836632897
0.023999357709663
0.0186078921883745
0.0269664355254472
0.01
0.01
0.01
0.0152508747082358
0.0106098026899306
0.01
0.045102513675818
0.03
0.146343394101478
0.0677966518314111
0.0777187174814935
0.0363451502887705
0.0305685861754995
0.0466268364653839
0.0183148189236198
0.041983192778522
0.0498291841622368
0.121433696280693
0.0343943827814795
0.0532029522940245
0.0508920097269962
0.0418242937626874
0.0439260906576028
0.118748546466555
0.0471875347398065
0.0720853940462621
0.0163505411167627
0.0585043923578898
0.107521560436308
0.0253706491075115
0.118294288380088
0.0292656501978167
0.0184156103438753
0.0113635952436557
0.0107972573109653
0.130328431208901
0.01
0.0133120990990657
0.0121055434216303
0.0120212346604586
0.01
0.0303241100808299
0.0318387731180474
0.0146174422185449
0.015857618213943
0.0204106544499181
0.0148299710629506
0.01
0.0262092663414704
0.0100646132386188
0.0269947674626366
0.0280984877702577
0.0678509471200009
0.0850115787017466
0.0326559667432871
0.0398936124718868
0.0507320256200553
0.0279337152018495
0.0179381058557495
0.0234118029633014
0.0101813161985683
0.049798412444821
0.0163790060222248
0.0571446620682314
0.0594582812089031
0.122592707211913
0.0707670239366369
0.0903335187222605
0.127316366412748
0.2
0.2
0.0167060309381949
0.02399325927569
0.2
0.0380531133100788
0.0365557876633424
0.0392036231620687
0.0552207028667148
0.12499871285103
0.107330106143269
0.0523712981380504
0.0279932643588965
0.13287831869017
0.022010568385863
0.0217243492205056
0.0324866998927648
0.245367871753881
0.0145475759850904
0.0415323243613747
0.0167793269823864
0.0180841374044126
0.0271340193668291
0.0406811590313171
0.0950291641811174
0.0550627989231457
0.0698593303929044
0.0935188186620802
0.148107431539835
0.0140687150315081
0.0103412063806671
0.0109343106734028
0.0461066340429408
0.0921627613707301
0.0182011817170738
0.0359457376029111
0.0517628661651694
0.0392872090215796
0.0354835534484321
0.105197628167548
0.0410342540257243
0.019713038525005
0.0252137016451349
0.23734974875565
0.0177026286442355
0.0111498617598921
0.0100168005510888
0.0156697295818985
0.0128528483935733
0.0267454465103094
0.0437523958562387
0.0111752756459366
0.0121136946975726
0.0146685861066522
0.0121152139531279
0.0178120842292556
0.0281770627953452
0.160199796381607
0.0499271662841213
0.0267234047110881
0.0196406169469849
0.0110905593035811
0.01037972874282
0.0119896611251186
0.0217396246226302
0.0134218958620201
0.0147905236429881
0.0195350425712625
0.0413256689637321
0.0515253928491326
0.0474669300097105
0.0233678713374376
0.102086354395649
0.0503729783640514
0.109221022476453
0.002
0.2
0.172065891280933
0.0208284019587474
0.0341220111757365
0.0560041477481527
0.0366156293258298
0.0370769714790288
0.0494853437413671
0.0181827009852023
0.0473617715938699
0.0280893432873011
0.0551822602632214
0.0260105202114903
0.0128003413690238
0.0110998802073613
0.0163715884833798
0.0637332225037443
0.0456110158533509
0.0673750146490071
0.116841811310565
0.167599362440288
0.01
0.0436392841778915
0.0155268547477583
0.188220780012025
0.121451409749707
0.223684770890572
0.161835169851964
0.225271428291002
0.183806902220972
0.176421501306904
0.161659136987943
0.149530355026336
0.162749030478852
0.192591787640657
0.171911231576967
0.0567461091044253
0.01
0.002
0.002
0.01
0.184197948348003
0.181433738370243
0.002
0.002
0.0341202973209146
0.0126803769482472
0.0399974777445699
0.0109661933359016
0.0268558224485562
0.0112614240109546
0.0198021144916098
0.0151780358468895
0.0161639420905815
0.151717921243807
0.0207964008967639
0.228302013435635
0.0261691113488571
0.0279886589635046
0.0477603381387204
0.0467260902227543
0.0388266299823248
0.002
0.002
0.002
0.1165754979226
0.0133945323673981
0.0317480124008855
0.104008370037555
0.0631715105695512
0.0770233971376482
0.0367379925695792
0.0427840838276036
0.0295536474857119
0.0405271740494283
0.114125123513879
0.110852893886379
0.121489090657917
0.123407611307095
0.153440383229923
0.110513852555055
0.151141217670487
0.1310442652287
0.157859273975712
0.132110988712735
0.144598180399598
0.12456262336829
0.111919549476498
0.118161482316591
0.132361108504777
0.148390373581849
0.133750595989997
0.141587737245217
0.108931717070073
0.121334262134016
0.104686400759322
0.135551863989783
0.165334932150632
0.168854030412965
0.152083782392227
0.148320523060331
0.146330124601714
0.152605059173938
0.12829423550155
0.108627306507688
0.13886024659667
0.175609240853441
0.129101347818774
0.0649594505189164
0.142087540952129
0.01
0.0497776878975521
0.01
0.01
0.164202135649962
0.01
0.03
0.002
0.26988957412399
0.0158262164646804
0.0208947351761062
0.002
0.002
0.0212433625585487
0.038400776208478
0.184038672944211
0.132105305899655
0.245785436986956
0.126146776861183
0.131911190596696
0.0954516353173282
0.130978568062133
0.0764459887417052
0.0589727265402741
0.0433959188328648
0.002
0.002
0.141818638029833
0.0157906940531893
0.0187488455262958
0.0238204338066984
0.0175565817423527
0.120294285344063
0.107406016703417
0.0281183582331643
0.133562008345621
0.105059904081601
0.114017353424058
0.0380612588774458
0.0103692222447705
0.0101778785058093
0.153996485085104
0.144702315142561
0.172472029141269
0.28757294086127
0.023685472343293
0.0269934916191371
0.129048908378701
0.134174962470237
0.22827888689358
0.002
0.002
0.002
0.246567258291562
0.145111361189386
0.017931383122926
0.0114236209423844
0.116821842801752
0.193314806496394
0.139856036878833
0.269923879791947
0.186533367858635
0.188348196111028
0.118270506509365
0.148418742114867
0.133088470108981
0.142757129697196
0.138228424825164
0.0338869498624818
0.0219709494689258
0.0486583602997716
0.0127861375697322
0.002
0.00756813731319591
0.136900628150671
0.197462632273915
0.0227484914455069
0.0202819562649059
0.117408843178925
0.118260788795833
0.105555038640407
0.0923171523550053
0.141846029999189
0.018510881239347
0.0277758254517908
0.028263319877884
0.19957511892717
0.138152838715518
0.002
0.002
0.164806398849919
0.113839655196439
0.0291371809594799
0.0346493610584905
0.0289852623516511
0.0317139575415046
0.0394009331999374
0.23352684341494
0.116863917259262
0.125588116498069
0.187186875086398
0.212891218813461
0.0126413043278554
0.13862117467042
0.172041809344094
0.154412736874998
0.239949882284372
0.271680672117521
0.238004775094513
0.293253098650185
0.299661645073481
0.298660816966106
0.280056479161818
0.257625631040112
0.2779656602573
0.317413143204172
0.347123927930481
0.359816483194981
0.339137937624528
0.214239901126511
0.146243956895766
0.0194255653099068
0.166611974669168
0.0305340077070818
0.0550672913881746
0.0395709771636626
0.0841209284695077
0.0899727807389486
0.1
0.064629504616816
0.0955871968351345
0.0273142870556097
0.0750030766541284
0.0118185622627971
0.0160272611383601
0.01
0.0407331371216216
0.142688703177709
0.0385396762067273
0.0671596763736838
0.0277400111027994
0.0369196105314259
0.0199787351233346
0.0293496473922475
0.0116401140073511
0.0125846696826048
0.0161738527815065
0.0352546363242441
0.044476050731258
0.0193178449873095
0.0232414026199334
0.0115955592407334
0.0304009556740391
0.0517678654646075
0.0184753390109217
0.0328124076305681
0.01
0.0356246106661837
0.0105485356423894
0.0120621885971953
0.0108456297795949
0.0205290661184146
0.0212555165643772
0.0125138393514105
0.0110680342431041
0.0185301233492138
0.0186955589973968
0.0129247022738895
0.0100720776799129
0.0243438661090673
0.122874338535212
0.150685290107341
0.2
0.0397475343621648
0.134526130966613
0.0654064554594332
0.14603108755739
0.016071338711125
0.0489231250256679
0.113180482232109
0.161418532562145
0.14206600175272
0.124260370516617
0.0511365992856637
0.196296713928733
0.159753230540025
0.250790627995769
0.235015227713493
0.0680627296362591
0.0309695910652169
0.0380564732675617
0.0221979836064251
0.0318235356509639
0.0575627141703562
0.0791588551181026
0.126482474286341
0.158472151922698
0.115613710286883
0.0950661163154976
0.0133291154582593
0.0263192151787658
0.0811403053660153
0.0329771523470738
0.0186561234973172
0.08928588599503
0.207674228143592
0.03
0.155915446396371
0.0276076386596849
0.0290460887730224
0.0128166182703767
0.185631699890184
0.141404035833917
0.115414055133006
0.110223553535372
0.161563223017011
0.01
0.01
0.01
0.0777843586209342
0.01
0.263422351960622
0.297577702357346
0.0294807551478773
0.002
0.002
0.123810006684264
0.0335761801165825
0.208194878748989
0.282176337938982
0.214823171284336
0.179433422255448
0.166313871859766
0.160590337522624
0.002
0.002
0.00684932719701482
0.0208906660660243
0.104632307195781
0.133918508993637
0.258733022377458
0.188329985476929
0.153079743017697
0.289344265347485
0.0729186325796089
0.0841111787395379
0.0689383596016802
0.128282551080569
0.156188302817984
0.190012483442195
0.0190806232611302
0.0591341677659416
0.01
0.0196101717794908
0.049867120311434
0.01
0.01
0.130625538547779
0.191184694906114
0.105815992620619
0.0593032282958355
0.0362419065723849
0.046908283543713
0.045294491056769
0.0257878708608842
0.191097161139222
0.169374269232315
0.123914008689611
0.0454278789777863
0.102934578632525
0.0335832604966448
0.0642671323068619
0.0444022192535354
0.0885476726092984
0.340967294558172
0.120376120555917
0.0228471015860469
0.149150788631778
0.231015563953027
0.206339736105149
0.149269494091808
0.0310481639180789
0.0229828124782354
0.01
0.0817266676070249
0.264404547665797
0.0165050731424205
0.216084166507362
0.196744202226957
0.0132014754233087
0.102099762798274
0.0232773506978204
0.0189049053335321
0.0273382081846856
0.0792088488615946
0.129656422879574
0.139048268128312
0.228319953872073
0.117732609707436
0.176691705205402
0.198174719938528
0.116946337867234
0.0263620041935342
0.146441069895627
0.131657049694255
0.0155315406907306
0.01
0.01
0.01
0.0284213101990354
0.0384523788076355
0.07126907362931
0.0116279002155874
0.0242224155021805
0.026667217327446
0.0197210164288269
0.0199115768852416
0.0316508152905966
0.002
0.136974222391202
0.0469773978149532
0.160725614887652
0.145347655751333
0.117019123202878
0.217207736776853
0.0510775264534362
0.0235739970381864
0.2
0.0634650618878124
0.2
0.084230974343612
0.2
0.19270374869255
0.2
0.2
0.2
0.2
0.2
0.0587579573952069
0.2
0.2
0.2
0.2
0.016001282085126
0.114489144005025
0.0112426027579365
0.0303387855814696
0.0395052531058519
0.0263933838140199
0.0321284649435382
0.01
0.16547781672079
0.108547469421668
0.2
0.0479334028555762
0.0358971019226214
0.013268539038459
0.2
0.0101328019901113
0.0331720995639214
0.0131780424739809
0.2
0.2
0.2
0.2
0.0753487253875291
0.0217839107412021
0.106316493098253
0.104527282065873
0.115239532906173
0.143976798576471
0.120704937317869
0.133828930453663
0.0317982583915802
0.0758604135871342
0.0254318581016361
0.100991571816518
0.0517434914748977
0.0208405380613382
0.129943423000256
0.0239649480400481
0.0317591762536201
0.0252857227661166
0.0200061962885352
0.0164457901770368
0.0261040871620501
0.0539357059612521
0.0453485881828889
0.0317725765626628
0.0342638153168322
0.0459447539916571
0.0316041675828
0.0430432784197011
0.0459947316173175
0.0680380626335355
0.202055656782577
0.0546315005593047
0.0923965500472555
0.0405907208414429
0.0985268813795341
0.0919605261846971
0.343056992423572
0.257389700534148
0.107139784511637
0.00309119454755681
0.156082364894863
0.0497407279461318
0.0743243978390404
0.0875198914869885
0.226237945094648
0.204833046653112
0.0544025426178737
0.0548879907195297
0.0673183399692273
0.148512673046402
0.218520786993095
0.237060932213225
0.0300094610425748
0.288675051798002
0.217959991156797
0.235465766501892
0.0148202871687716
0.129613957451748
0.184386310603125
0.002
0.002
0.01
0.156750745656905
0.0404752541271113
0.195818986179786
0.0140793026537876
0.0234978261972211
0.281209101389396
0.2
0.2
0.258655242364026
0.228830651824073
0.239675489225667
0.22494394971685
0.214932238886441
0.123792820690113
0.122061405513759
0.201168591027864
0.199699395140931
0.241383574042136
0.251497191540659
0.247603560090418
0.195764853903407
0.191376899810776
0.212814671565233
0.162909787358428
0.119402150782385
0.151224579333387
0.12894795027805
0.116722214750716
0.01
0.01
0.144924930102469
0.154481472101359
0.221036302161455
0.130328468154951
0.0337559550315315
0.143130376193228
0.0106519536905785
0.132801266901513
0.1700745793184
0.0384998267286527
0.146638689950123
0.172662391968669
0.128684981946146
0.118761564771387
0.130148854421038
0.0200624555055066
0.0133642275939314
0.0148271601110919
0.0179749633390906
0.0283179735289123
0.0484791928827059
0.189336792131075
0.140193431484017
0.142197599110756
0.164667157206976
0.16559779167829
0.0117566608587455
0.0333928665695744
0.172286904444378
0.0241622481372081
0.0973344869222301
0.0575691411883205
0.0141826590466022
0.0101590109310007
0.0359401448716489
0.145094645322888
0.120036432899945
0.0288215830776892
0.0138311771253059
0.123896860619954
0.202718930254522
0.229473195880123
0.0309794812296459
0.0441915450172782
0.0178865139749071
0.212601974285111
0.01
0.01
0.440285586860244
0.0188721871887006
0.145438216582766
0.002
0.2
0.0292427095457885
0.15058488561641
0.0152766241734081
0.133593898208605
0.243164177164404
0.0139996164130066
0.0113103375730977
0.108282166775498
0.107478362363215
0.141562458088419
0.116976883767733
0.151043420281911
0.170699715843133
0.021302497138478
0.01
0.01
0.0966415832366987
0.0134066828796092
0.068304896737418
0.0410228540457426
0.0184528469079744
0.0293083403253877
0.252293879098891
0.293032113975046
0.12042102090918
0.0573312169032748
0.0463312784325006
0.110607104226299
0.0550613240964288
0.0551601543898827
0.0313258312272649
0.191461184060888
0.0384594232045716
0.203527428990495
0.157480427622483
0.064641648589402
0.0139919637554431
0.145165402373978
0.134188035119247
0.0182844417445916
0.0843337499953947
0.147934191658964
0.01
0.113838966337855
0.0366978346281076
0.0158675899698541
0.128725856177961
0.0334952199132074
0.142029158430065
0.002
0.002
0.26033076417441
0.2
0.0202728497176045
0.0412909141643402
0.0320945840873759
0.0382075395492936
0.245852990562274
0.0363236464530198
0.115304137664172
0.272912297028152
0.0902986784463603
0.01
0.174360855710753
0.144942896875994
0.151433892824915
0.120770854735611
0.01
0.020505793414179
0.0109609915040221
0.0182199482070953
0.0298520152710906
0.0141599410705327
0.0380944501991842
0.2
0.01
0.0713305862306711
0.01
0.0154712874121675
0.133065488667738
0.115923661553994
0.186958561039384
0.154637603275146
0.0144212294692093
0.0191107652316541
0.0200727769825807
0.0671949614352748
0.163608417740429
0.0866064261660499
0.0773829315098313
0.0128918375090484
0.0279283044731434
0.185909054919151
0.257639697605428
0.0172328978998887
0.240407153324202
0.234688648054711
0.157862561638506
0.218219780568665
0.0723630702313056
0.0296124431277614
0.131067625977972
0.155396585360911
0.01
0.0158295936849076
0.145842445351347
0.0329421579744195
0.243531545690714
0.0130260173008435
0.0185197966783755
0.0105640566122008
0.0403535013170859
0.221079247442551
0.0202860438641068
0.059176823400556
0.0259106752078012
0.0311136486171143
0.0745274192229866
0.228304163909246
0.041313861023854
0.248973732001898
0.0639787164439056
0.0489745792259043
0.0212572459260188
0.0242149933465211
0.010813726876572
0.0884672577282419
0.0753111658759902
0.0376239589204741
0.0229298468025942
0.0140029701939291
0.0327484577711327
0.0689891303563147
0.0622956211707665
0.0100863622827273
0.0258293083641082
0.0595468905115881
0.0281148998602436
0.0903801801170354
0.0543322177726831
0.054231375383931
0.0127414251329028
0.01
0.127012050808518
0.0775777776078446
0.144329286313836
0.2
0.2
0.0335986571478879
0.010859444276523
0.0125815054895141
0.0190206802432193
0.0236371733003993
0.0251356660253663
0.0219133310915806
0.0109201704178179
0.0140888767543098
0.0240080408756783
0.0115280427003038
0.122813484274722
0.186164761691212
0.195788637344953
0.145349784342084
0.233478954620018
0.215721388192552
0.0421458074179335
0.033973619882743
0.0145969658792264
0.0108765573512043
0.0705605589217749
0.111817439209772
0.0301883814508058
0.203521245812934
0.0267631420684836
0.0923404277782654
0.0792638063482328
0.03
0.175794304212495
0.242433976435158
0.136580748321892
0.197672562948213
0.0547874833066653
0.0222598841930121
0.0221229469515434
0.0174388495555379
0.129791619807554
0.0118234005407987
0.0428510543196506
0.0227044060227454
0.0403515507643263
0.143717809145178
0.128178395932093
0.145589079677517
0.130269012629514
0.149730954674351
0.0199356600401038
0.0266669884101525
0.0149908072285954
0.13502361143011
0.120975300825639
0.2
0.2
0.0540734879875953
0.0221757528929623
0.066947492807639
0.0369111787137805
0.01
0.0161915895314063
0.0132712012872852
0.106663149459841
0.01
0.0996838983993199
0.0437900221411323
0.0151564330334947
0.0196787648406291
0.103048038476636
0.110764445365043
0.0183078617699565
0.0137506209805544
0.0281737945754473
0.0609546884192057
0.0120494515760186
0.0785930821301858
0.0325061218114899
0.0284260266795238
0.0113913996574377
0.0341886442647268
0.0196741957812211
0.0455620139803514
0.0328776317140114
0.0329241402491492
0.0104611663237945
0.0333455725526268
0.0141784190914507
0.0157386702445865
0.103479327751928
0.0126144967550392
0.0233039033666098
0.0173065086517519
0.2
0.0248918510495606
0.0585492297480775
0.0119020427443497
0.0266680785468524
0.0125815770789031
0.0301133595791619
0.2
0.0136446691956493
0.0101805488715753
0.0126536678893129
0.0342213821686288
0.0147052858960321
0.0558642719913778
0.0332085132181245
0.0412334043547766
0.0111475356548241
0.0130349648085975
0.0120247965108882
0.0279252444947531
0.01
0.106396100745577
0.131554410055867
0.120906590378202
0.0367512503424764
0.109737197107582
0.167442131143486
0.0105097257532886
0.0394234518998964
0.0407406410268211
0.0248999698847919
0.0119545306348095
0.0608428027387676
0.118583356126676
0.146690394320418
0.0547550269648259
0.169791631156101
0.01188120017966
0.0311209389966408
0.105640537906381
0.0416012828560579
0.0278817396755639
0.002
0.0689579008041567
0.134396416821466
0.0151520866173292
0.0101662230440009
0.186018149638217
0.0174637960763254
0.0674236128010412
0.0259246056252138
0.178837063535978
0.0180088663567164
0.0797833349466148
0.238303185659604
0.136618528286074
0.100608534999076
0.0149274211547764
0.0122379052292335
0.0411830468374958
0.111038477802775
0.025427316240287
0.0285142327574035
0.0103531644513982
0.0117862836533902
0.01
0.149184385722062
0.103678119952891
0.109649550122521
0.2
0.01
0.120494557888869
0.013828168736466
0.128723516879351
0.016857557079884
0.0320214718620586
0.0252256459329804
0.0207977287367811
0.0110561059025141
0.0109946735243518
0.0209653918777657
0.0115384403723576
0.0326183740982115
0.0352839466659943
0.0100574581670847
0.0100298886078645
0.0320212559038899
0.0299629833636201
0.0718726431166759
0.171758974552537
0.114068299414586
0.230713419859492
0.0578921904802211
0.0882528194023897
0.0349001001666976
0.0512955868742608
0.105770446588416
0.155765787993418
0.0134266488994557
0.0106489300623247
0.0103103267873442
0.0132135152474
0.0108484528185225
0.0226533924850125
0.0574033575233945
0.0167065446280146
0.203062854622797
0.268570591975798
0.151847422742054
0.0225723763497927
0.107496661974352
0.0173083708411374
0.01
0.195306279182996
0.0163088481730688
0.046136404115375
0.01
0.113891364517223
0.190905112856466
0.0984432651246352
0.170889686649364
0.0490563851534962
0.0100110186922917
0.0136111345455089
0.01
0.01
0.01
0.083321962575674
0.0712538558124467
0.03
0.0150256980477161
0.2
0.01
0.0365191639960122
0.0314861703041875
0.002
0.0976691155515845
0.0195667872122524
0.0677393422355166
0.002
0.199986429779036
0.0647150130125996
0.0141378030608245
0.202003356921427
0.2
0.2
0.2
0.0133646202487278
0.0171962025342587
0.0118392797527032
0.0200424200941872
0.0206115597721391
0.176940796208501
0.0987892816644088
0.152078426402553
0.123647139205503
0.12340939342378
0.0368945389812967
0.0550319328494186
0.133277511183201
0.0127220441325796
0.0182145298307149
0.0323956449740998
0.134037612802244
0.0123700357445067
0.112532995694958
0.01
0.0101488728939203
0.0312432405653506
0.0164622354509625
0.0193280132943489
0.243618379605448
0.0124592141136892
0.101949901551014
0.0323083245151716
0.027043348336253
0.110994563888718
0.187615125344769
0.137809450168834
0.200341665777184
0.214561154195883
0.0249080520827332
0.0644828168685354
0.0387494625432049
0.142196099848898
0.0302170310557671
0.0668554282793842
0.151641002606002
0.0599924522662697
0.0664335083986954
0.287948835459077
0.159887798631925
0.0106049070769928
0.0266940597873729
0.0138339340967089
0.0101348275176954
0.0850217855818054
0.0186236890596847
0.0666798013376139
0.122721704285367
0.0163978798751106
0.279564110905311
0.0120968050822267
0.025407791056805
0.0105963056040801
0.0451375577591173
0.0149915217581144
0.0223729093719359
0.0197187092325422
0.176905633936521
0.19434213054062
0.0261847202132516
0.0300578282297021
0.221128651564425
0.314979305433941
0.192806842243075
0.24716650545344
0.286800313089944
0.217685069839327
0.226813363893822
0.237855458577966
0.136461898853369
0.143000842195246
0.221711708646493
0.256420073587762
0.131117279144618
0.0202635413636575
0.2
0.2
0.0159211855505268
0.0356727398896267
0.0144070918302369
0.237447032970196
0.0124178164231207
0.0173032606186285
0.224817378918006
0.252425997051605
0.0134259920423057
0.192436207860189
0.131913927072102
0.0129849315739589
0.0246850506977501
0.0336314515489049
0.2
0.0137660966277216
0.127724362694012
0.215420420812478
0.243925551315974
0.0669788128980989
0.0190623935566872
0.0242530671536674
0.190924900223929
0.23413916997571
0.032734507390229
0.112800555976007
0.225795019861273
0.230675721567076
0.205080245314376
0.125106466372349
0.0143546072633957
0.0421731960510191
0.164462399077552
0.0344080792063118
0.262527477490011
0.0810586839748401
0.0132018200765788
0.222714657500726
0.117701643916024
0.143548415522273
0.120117906289392
0.0170088232271841
0.0157525980954452
0.0328018256655021
0.227687391524094
0.0140663688024108
0.03
0.0117062289894227
0.211157636705773
0.0607864279899279
0.0456296150944363
0.0244378533721396
0.165995324038509
0.15230563591875
0.129084594541654
0.0917008565032031
0.0338279341929311
0.0217877501045708
0.0146676674466247
0.0363662000363139
0.116145174606468
0.0100113742786684
0.0201667861219388
0.01
0.0315482123618595
0.261875783018788
0.03
0.01
0.01
0.0300945147697001
0.0956430236200787
0.186023711978534
0.0203332235093317
0.0278142619572678
0.0603618880598375
0.0189977966601995
0.0153335861366051
0.2
0.2
0.2
0.2
0.180885988931035
0.01511897220911
0.0396108616763717
0.102697423104999
0.0103176162158287
0.0119749808258286
0.0495590894001459
0.2
0.112974300066242
0.122072391562663
0.023749717650608
0.0342379466485167
0.01
0.01
0.113100656420704
0.180887614972927
0.129762854492357
0.211113157794156
0.137164912631991
0.0341007464867945
0.01
0.0471567571236912
0.203831467718512
0.0108062763556661
0.0584056848214533
0.024215483574818
0.128752101345196
0.0285650529757233
0.0411557953051365
0.0648709112194728
0.044286324800901
0.0405112998101618
0.0321490417035731
0.0250661498786855
0.0299842209770524
0.0412470866211306
0.122587959381442
0.171603829992085
0.228586865365804
0.122012812665728
0.0151426753621988
0.0112020329535684
0.0182656254867187
0.192984551342839
0.0111554965306847
0.116318350851033
0.2
0.0385515674185479
0.2
0.122362150311897
0.283274274146542
0.184934216247642
0.152574883446147
0.150301178737572
0.19094557030138
0.166601340036601
0.0586936830648397
0.174280345811769
0.201031667541455
0.0410868172112961
0.0118520286648744
0.163334759343667
0.0389036056280508
0.201798334209179
0.167310304025731
0.216187805241837
0.207575312924463
0.126641849541353
0.222983946627103
0.0715351510686577
0.0230341575241759
0.0255252694610509
0.0234262247793002
0.0576768626997804
0.040572659109092
0.0146868903471645
0.0106620871964748
0.0155008724877767
0.0113251709011873
0.0215536476581634
0.0143511804064563
0.0229532903821682
0.177361582596137
0.193056916858219
0.13066228984484
0.0250500686387312
0.0483305914480688
0.03
0.0319258034128098
0.0111115978640307
0.161936336845104
0.164675747135164
0.210956682191397
0.13907117427175
0.0968388208634824
0.176824688541462
0.156615897643681
0.2
0.0998610528344745
0.125021740702402
0.189481223002855
0.219879916007214
0.0103438146565302
0.0176514360024773
0.130785941865472
0.0381358479883112
0.0875241737394483
0.0212124886623109
0.176335262266035
0.168543303036423
0.172269823170607
0.314140002359802
0.0141729958414471
0.0321812657567759
0.0260573705270648
0.102396672119544
0.0340436924972714
0.307395502772634
0.0148851718995087
0.261164108342663
0.0114700594993053
0.0140120835046828
0.0151473856524068
0.0229328953968243
0.0120136579895702
0.317976030803552
0.147555372097904
0.155209816482426
0.195468446184818
0.204145219489463
0.207655654735442
0.117867853929508
0.0340849847610242
0.2
0.2
0.0619607135088596
0.0576794216168204
0.138665235041216
0.0247157939213282
0.0104580469788462
0.01
0.0886142518108241
0.0251330331353531
0.106834233699663
0.0746314699505593
0.0943901167382202
0.0593721507422554
0.185369205933538
0.182987000482092
0.21066461914198
0.0370039418392595
0.0100551509154834
0.149998036075118
0.135299129120588
0.03
0.0744402419248903
0.219068035959938
0.0321884335962992
0.016684983389613
0.0823199312709159
0.2
0.2
0.2
0.2
0.2
0.2
0.2
0.2
0.2
0.161104824379717
0.01
0.102630672143029
0.148165020147095
0.105032014731899
0.0231879916878194
0.0315932091917056
0.0195856228894349
0.0306434273167713
0.0338273606208918
0.0766071035427564
0.0804131648309116
0.133394188267194
0.11285753726174
0.0119188086475436
0.135123385152231
0.215694137453633
0.0995425272441027
0.273369380859554
0.246616323682463
0.170348780465178
0.0791020545883023
0.152424775707765
0.167495648715301
0.0363058655636804
0.214660381728273
0.0224979724636551
0.113358352594618
0.190306286299186
0.03
0.0166241450006935
0.0130598252899903
0.0834615563283906
0.0102553775027612
0.192478082285988
0.125968691794061
0.0330969613088206
0.12581765307598
0.167969675902706
0.165535874907856
0.102816130464215
0.0215192827835084
0.0156293691842497
0.23265200387591
0.176610977696511
0.0107740712593085
0.0202860977165027
0.0268727945780515
0.0631850055414955
0.109074630455726
0.0790534376926538
0.272111183665433
0.0338892133977523
0.179657464638511
0.119628190774162
0.138831979787125
0.19350099663397
0.027444196384095
0.0151407560132355
0.177456393619099
0.0416981186893322
0.0646897599693066
0.0613544414008044
0.012022641664481
0.110480865471694
0.122325479300181
0.143245565951586
0.0673785435222825
0.0391156608239083
0.238606409836616
0.181190839288648
0.186745233742796
0.0236538108068682
0.119525260616112
0.0228634992159092
0.057732233518062
0.01
0.0310734404267339
0.0627179779556181
0.0715947310853357
0.0774568153284892
0.0140471768956445
0.0328730369367586
0.261879326039069
0.191584470392665
0.148146307836861
0.0475340584307101
0.0102444200955989
0.0591221970568959
0.0352198274565464
0.112631727757595
0.0235671159682147
0.2
0.165264372271959
0.190534138123371
0.0145390059332519
0.0152029451459238
0.0347409359942482
0.0328139421087386
0.0459862220640511
0.161540011592004
0.13102488670797
0.0248244683944377
0.0311027347482634
0.017678938709332
0.0217824658102223
0.01
0.213741301788287
0.183139417649914
0.03
0.0620572742374144
0.052774222288778
0.0674385017752487
0.0611866624469201
0.0168100154164516
0.0139359946543724
0.0137354676025901
0.0625532001311628
0.033795560798879
0.0103741964866646
0.0315671698990104
0.0253854744510332
0.193041713859486
0.0156997115440494
0.192812594393878
0.03
0.2
0.0619504259391604
0.181599689896554
0.024904938597289
0.016312234237384
0.01
0.01
0.01
0.01
0.01
0.156746802624391
0.0824016739626447
0.138891966178552
0.212830147673326
0.179295461696449
0.168239487231983
0.01
0.0562430438403758
0.01
0.0687975296090709
0.0299159926164255
0.01
0.01
0.034910765080068
0.166759600373143
0.125337490991074
0.11393873847954
0.0215247842069944
0.0147468884694495
0.0292510663093009
0.213010421756407
0.2
0.032614591279395
0.179946418329873
0.01
0.0156581335002343
0.01
0.101594242025337
0.149938280111726
0.2
0.0227904726192868
0.147127893654431
0.050971245769187
0.021087689055511
0.0197292996216727
0.01
0.11762275090452
0.0251923798376196
0.0168012468330778
0.0638829337864193
0.0360762325499118
0.0114437352954365
0.0184864499329076
0.0457667583278693
0.209528054313964
0.0544911815937956
0.0374180300395325
0.0254290528409341
0.197647853101733
0.2
0.0754455197653626
0.280725540551784
0.002
0.0396316298258837
0.2
0.196982543400358
0.232201871105344
0.112852857329367
0.01
0.01
0.188569849877346
0.233986719111723
0.130227578025273
0.01
0.01
0.0129827958679685
0.169965489982449
0.2
0.142806864889019
0.105350394559327
0.0177336087520333
0.137744036896265
0.0635991317011932
0.0704590114219719
0.0185386184438113
0.0476267095740179
0.0996227521566723
0.01
0.117368884267737
0.0124349107235753
0.0137069288116088
0.0128254957397804
0.0509158680364725
0.002
0.099520278842745
0.139969816752661
0.14489407459236
0.2
0.002
0.01
0.002
0.175666127441976
0.01
0.0553633698227322
0.0195009218855547
0.0166068068464368
0.0903013700800901
0.107271659196429
0.0345219250802313
0.0175737680225401
0.0250279279029057
0.033936405112577
0.0494926756007083
0.0177742926882215
0.0121936943268227
0.0123489092538662
0.0241887833157277
0.2
0.0108977372302226
0.0318916650024403
0.0124939880625738
0.0148204133485337
0.0575800833957102
0.2
0.144531562053855
0.203561563627637
0.109408036637561
0.2
0.2
0.0158200648513119
0.125844783629109
0.0287284967411627
0.0631802558958448
0.0368685793045949
0.0258354021772266
0.154301610548883
0.0357306353447265
0.106584788641889
0.0273865106394123
0.0347088052946758
0.01
0.2
0.114944843437278
0.2
0.0204974857052682
0.0398534739940335
0.0104760108262913
0.0435310912208067
0.0551014310637404
0.0128212437317706
0.0101306446832388
0.137432976012691
0.0268479185592306
0.0264499289892678
0.0318371927290139
0.0768211864235625
0.0239031189623222
0.117246429804286
0.0235458288904286
0.0120160619871737
0.211244911958485
0.213207071534491
0.0135214703878712
0.0291355283035037
0.191285369040256
0.01
0.124379221579839
0.0199143601859056
0.146352146362342
0.0361770014606859
0.0424165496582104
0.124297593650085
0.2
0.015673884100913
0.135771513909423
0.0332865608745939
0.2
0.206366693456887
0.2
0.0251248833064433
0.2
0.01
0.15269788521901
0.0172957049446605
0.01
0.114709468630994
0.0176107665145928
0.0246795775598819
0.01
0.0189721752409157
0.0930930843369462
0.103095051575093
0.0126637442549499
0.01
0.182172362404512
0.03
0.130185403912874
0.11845309174632
0.0593688259458312
0.0247416843368528
0.0762382988438461
0.0131818663113574
0.0361231883080812
0.0926966457347368
0.129353072233999
0.0251415328099451
0.0126725727346023
0.122902428594111
0.2
0.2
0.01
0.002
0.011733216265068
0.2
0.0202009663113129
0.027032556556338
0.0778594213222723
0.002
0.2
0.2
0.118680061850562
0.0766088264805053
0.0106910497342963
0.01
0.0404382647491894
0.002
0.0858057201422644
0.01
0.020246984255006
0.2
0.2
0.0377102727474861
0.017029390297645
0.0310444273099554
0.108387301219594
0.03
0.03
0.172422311041543
0.180007913870435
0.0335113604660579
0.102983456909299
0.002
0.0177682208066668
0.0182988802005406
0.01
0.0240019968157209
0.002
0.01
0.128691960179076
0.122392500819397
0.01
0.002
0.002
0.0811970073416322
0.0392566666422771
0.002
0.0266657616214346
0.107352672866218
0.13453828384987
0.0195084222737921
0.0185981361752397
0.03
0.01
0.0286630906660575
0.103891371912341
0.01
0.2
0.0727706032720015
0.0565243539542337
0.0329958910833394
0.0115975120977594
0.0164923293116982
0.2
0.0888592674174814
0.0526932466222072
0.0158434392839203
0.0750825285699291
0.168352749854991
0.002
0.0723659825611103
0.0421504157955083
0.2
0.002
0.2
0.0253331285193975
0.0257550186623671
0.0239117971824951
0.0229109660659928
0.2
0.0239248239533072
0.0512160077149409
0.0988386126029262
0.0240003655801557
0.122273317540005
0.0270958311018162
0.2
0.0328678641554712
0.0165079829213734
0.2
0.0397859658132302
0.01
0.0448261598967103
0.2
0.002
0.2
0.0130837607589271
0.116249485349342
0.117690363559001
0.2
0.2
0.0246297195172281
0.2
0.002
0.197926627677583
0.0682544947666693
0.0165589051752386
0.0230578832605243
0.182977144055147
0.117827582678888
0.03
0.0323447024819039
0.210706739441951
0.0571438130933219
0.0453096743271652
0.183377970845207
0.218304870560563
0.135570419438272
0.121965035468056
0.129567288616381
0.0198614294013217
0.170994557161123
0.152718424528266
0.137693033813707
0.145666263836477
0.280574755187755
0.01488438868886
0.197448640271243
0.259176216055599
0.110924853966056
0.260207615716743
0.254978533437987
0.247082746930344
0.031324165824333
0.0129604817419289
0.136585211930786
0.0211573566431347
0.0603355768154595
0.0610851832775339
0.0575711270303748
0.0461483440462905
0.141627886883411
0.131979063522367
0.0290665562490746
0.101691896747014
0.01
0.0118984672844626
0.0289022664285717
0.104146233697239
0.024426878576923
0.178585997514844
0.0300014422889504
0.0727419725588343
0.193809980387007
0.187879129482534
0.119135288215243
0.216077582219153
0.286994103790692
0.0348751590516973
0.11506917617872
0.0142679320133769
0.176515096633363
0.0312286625650253
0.0149828003923309
0.120761348716237
0.0793915799116288
0.121659979242346
0.0305373963186837
0.0398653909233735
0.0306729983695048
0.103903498654143
0.031902105155714
0.135474335229738
0.0320414402675768
0.243932909960652
0.278283494202486
0.259898240687665
0.0181077251859422
0.22331021327116
0.235353771305913
0.03
0.0179046240206046
0.0157399050895031
0.2
0.107593852318698
0.192450779912744
0.0183040451663293
0.142448904960402
0.099720846402115
0.0256063822946849
0.0340775173618439
0.258111527616973
0.03
0.129946545344911
0.225718769715153
0.129458043842785
0.139451927764816
0.127285267640235
0.0841679371134474
0.0543791460995875
0.0210374321479885
0.0128587717931625
0.178113171543243
0.251721767486876
0.0231212327378143
0.0229120454312673
0.233582610650899
0.0203534177908308
0.0801482551361809
0.0149060257570013
0.0394010911191004
0.0273237273023448
0.109437900332698
0.0132777791304782
0.013002765239501
0.206907761446214
0.232518703546014
0.217873854775888
0.144068199931781
0.0640038801987488
0.129188723094882
0.0391166669536341
0.0168805005452587
0.132685225123197
0.0108098984450388
0.2
0.0200457414097116
0.0388157161460038
0.0298022186871293
0.088473291510861
0.01
0.279508050762828
0.0167099507129924
0.257382648584198
0.01
0.210425508952876
0.134523269017539
0.0140786304120317
0.11626714872629
0.118435611473637
0.0674940506163302
0.0455754969796288
0.0456998603447317
0.122291969831928
0.0211527100681973
0.1
0.238355837761958
0.132131097054684
0.0639405416097377
0.0352052272511002
0.0100691854286761
0.0355861007721548
0.01
0.221806698322101
0.0123340751371167
0.0103636991974689
0.0157683572059623
0.104620864013799
0.0407214438805204
0.179503635254495
0.176655450423777
0.198636265521266
0.142325381156729
0.152575542595883
0.255646793344123
0.170207696281659
0.239191611717675
0.035426633340281
0.0424686389081409
0.0659454429934031
0.0159802839985814
0.0320738933490009
0.279974965443481
0.2
0.0549486583250722
0.239409229589297
0.166079115881304
0.199312961815647
0.0119816956455791
0.0220345127932001
0.0496657420430192
0.03
0.0756437987627268
0.2
0.0180961754182682
0.0135999810409412
0.0520963141121572
0.124653640178976
0.054330747068488
0.0227300449155764
0.2
0.2
0.11984311832254
0.13387805033786
0.0232088684267208
0.0137038162035792
0.0232722363946574
0.0241127243067754
0.215999915764686
0.139241611519587
0.01
0.0207623512372473
0.03
0.154323470094787
0.0369916832776072
0.022964247562373
0.129410341992967
0.2
0.119639976856108
0.0792284763571695
0.0322236247689229
0.01213961473839
0.0357967389049337
0.01
0.191828680339554
0.0185964254313509
0.01
0.0187364676630491
0.139370527296145
0.2
0.114993552564959
0.0934689030764134
0.146585071804997
0.0100203490673131
0.230563688500519
0.0369097211741552
0.010606314030974
0.191125284530028
0.029829683232064
0.0331071968290268
0.0355729945295272
0.189939854600295
0.122775412997953
0.0788933673787533
0.0116586848567445
0.152671057285513
0.253045829415885
0.0461181289881588
0.2
0.2
0.1085493673961
0.145737531616931
0.102277873396351
0.077237858143713
0.0664634830974777
0.0540047189130543
0.2
0.109352242983758
0.026135281445275
0.03
0.0310930827149731
0.0533037946585566
0.0481503199107766
0.2
0.136004391291621
0.0425282336644617
0.226455390682991
0.0930989217420044
0.0236516537215866
0.159798613149086
0.0358630220656618
0.0269433802217623
0.268202694203667
0.0916742221450693
0.0350624055383843
0.111309905667012
0.0358227856873921
