0.0  100.0 0.0 0.0 0.689606873241
2.5e-08  92.3133752834 1.1015625e-10 0.0 0.775112936143
5e-08  89.3175719995 2.4125e-10 0.0 0.927003962394
7.5e-08  85.4083573682 3.9421875e-10 0.0 1.06867781538
1e-07  81.9906449319 5.7e-10 0.0 1.22064012371
1.25e-07  78.684243487 7.6953125e-10 0.0 1.37737582153
1.5e-07  75.5693416903 9.9375e-10 0.0 1.5403413309
1.75e-07  72.6095386616 1.24359375e-09 0.0 1.7091243446
2e-07  69.7997692055 1.52e-09 0.0 1.88381256694
2.25e-07  67.1281570289 1.82390625e-09 0.0 2.06435902367
2.5e-07  64.5856900092 2.15625e-09 0.0 2.25075213907
2.75e-07  62.1636163677 2.51796875e-09 0.0 2.4429701766
3e-07  59.8540097838 2.91e-09 0.0 2.64099345951
3.25e-07  57.6495283437 3.33328125e-09 0.0 2.84480110957
3.5e-07  55.5433883191 3.78875e-09 0.0 3.05437193449
3.75e-07  53.5292880857 4.27734375e-09 0.0 3.26968420389
4e-07  51.6013483809 4.8e-09 0.0 3.49071572335
4.25e-07  49.7540496692 5.35765625e-09 0.0 3.7174438288
4.5e-07  47.9821690383 5.95125e-09 0.0 3.94984540253
4.75e-07  46.2807129205 6.58171875e-09 0.0 4.18789688349
5e-07  44.6448427149 7.25e-09 0.0 4.43157427944
5.25e-07  43.069789032 7.95703125e-09 0.0 4.68085317867
5.5e-07  41.5507489936 8.70375e-09 0.0 4.93570876205
5.75e-07  40.0827590373 9.49109375e-09 0.0 5.19611581517
6e-07  38.6605328976 1.032e-08 0.0 5.46204874034
6.25e-07  37.278250576 1.119140625e-08 0.0 5.73348156975
6.5e-07  35.9292783462 1.210625e-08 0.0 6.01038797463
6.75e-07  34.605792748 1.306546875e-08 0.0 6.29274128993
7e-07  33.2982674247 1.407e-08 0.0 6.58051448107
7.25e-07  31.9947758869 1.512078125e-08 0.0 6.87368032735
7.5e-07  30.6800031597 1.621875e-08 0.0 7.17221079718
7.75e-07  29.3339589558 1.736484375e-08 0.0 7.47607943937
8e-07  27.9298607798 1.856e-08 0.0 7.78525251865
8.25e-07  26.4322849007 1.980515625e-08 0.0 8.09972215834
8.5e-07  24.7905425751 2.110125e-08 0.0 8.41938271016
8.75e-07  22.9434022133 2.244921875e-08 0.0 8.74449220856
9e-07  20.7765831103 2.385e-08 0.0 9.07395025958
9.25e-07  18.2304844345 2.530453125e-08 0.0 9.41172510715
9.5e-07  14.8937171132 2.681375e-08 0.0 9.74286755471
9.75e-07  11.20191435 2.837859375e-08 0.0 10.1230282882
1e-06  5.0 3e-08 0.0 10.3443747377
