1324  
          9620
          9621
          9622
          9623
          9624
          9625
          9626
          9627
          9628
          9629
          9630
          9631
          9632
          9633
          9634
          9635
          9636
          9637
          9638
          9639
          9746
          9747
          9748
          9749
          9750
          9751
          9752
          9753
          9754
          9755
          9756
          9757
          9758
          9759
          9760
          9761
          9762
          9763
          9764
          9765
          9871
          9872
          9873
          9874
          9875
          9876
          9877
          9878
          9879
          9880
          9881
          9882
          9883
          9884
          9885
          9886
          9887
          9888
          9889
          9890
          9891
          9997
          9998
          9999
         10000
         10001
         10002
         10003
         10004
         10005
         10006
         10007
         10008
         10009
         10010
         10011
         10012
         10013
         10014
         10015
         10016
         10017
         10122
         10123
         10124
         10125
         10126
         10127
         10128
         10129
         10130
         10131
         10132
         10133
         10134
         10135
         10136
         10137
         10138
         10139
         10140
         10141
         10142
         10143
         10248
         10249
         10250
         10251
         10252
         10253
         10254
         10255
         10256
         10257
         10258
         10259
         10260
         10261
         10262
         10263
         10264
         10265
         10266
         10267
         10268
         10269
         10374
         10375
         10376
         10377
         10378
         10379
         10380
         10381
         10382
         10383
         10384
         10385
         10386
         10387
         10388
         10389
         10390
         10391
         10392
         10393
         10394
         10395
         10499
         10500
         10501
         10502
         10503
         10504
         10505
         10506
         10507
         10508
         10509
         10510
         10511
         10512
         10513
         10514
         10515
         10516
         10517
         10518
         10519
         10520
         10521
         10625
         10626
         10627
         10628
         10629
         10630
         10631
         10632
         10633
         10634
         10635
         10636
         10637
         10638
         10639
         10640
         10641
         10642
         10643
         10644
         10645
         10646
         10647
         10751
         10752
         10753
         10754
         10755
         10756
         10757
         10758
         10759
         10760
         10761
         10762
         10763
         10764
         10765
         10766
         10767
         10768
         10769
         10770
         10771
         10772
         10773
         10877
         10878
         10879
         10880
         10881
         10882
         10883
         10884
         10885
         10886
         10887
         10888
         10889
         10890
         10891
         10892
         10893
         10894
         10895
         10896
         10897
         10898
         10899
         11003
         11004
         11005
         11006
         11007
         11008
         11009
         11010
         11011
         11012
         11013
         11014
         11015
         11016
         11017
         11018
         11019
         11020
         11021
         11022
         11023
         11024
         11025
         11129
         11130
         11131
         11132
         11133
         11134
         11135
         11136
         11137
         11138
         11139
         11140
         11141
         11142
         11143
         11144
         11145
         11146
         11147
         11148
         11149
         11150
         11151
         11255
         11256
         11257
         11258
         11259
         11260
         11261
         11262
         11263
         11264
         11265
         11266
         11267
         11268
         11269
         11270
         11271
         11272
         11273
         11274
         11275
         11276
         11277
         11381
         11382
         11383
         11384
         11385
         11386
         11387
         11388
         11389
         11390
         11391
         11392
         11393
         11394
         11395
         11396
         11397
         11398
         11399
         11400
         11401
         11402
         11403
         11507
         11508
         11509
         11510
         11511
         11512
         11513
         11514
         11515
         11516
         11517
         11518
         11519
         11520
         11521
         11522
         11523
         11524
         11525
         11526
         11527
         11528
         11529
         11633
         11634
         11635
         11636
         11637
         11638
         11639
         11640
         11641
         11642
         11643
         11644
         11645
         11646
         11647
         11648
         11649
         11650
         11651
         11652
         11653
         11654
         11655
         11759
         11760
         11761
         11762
         11763
         11764
         11765
         11766
         11767
         11768
         11769
         11770
         11771
         11772
         11773
         11774
         11775
         11776
         11777
         11778
         11779
         11780
         11781
         11885
         11886
         11887
         11888
         11889
         11890
         11891
         11892
         11893
         11894
         11895
         11896
         11897
         11898
         11899
         11900
         11901
         11902
         11903
         11904
         11905
         11906
         11907
         12011
         12012
         12013
         12014
         12015
         12016
         12017
         12018
         12019
         12020
         12021
         12022
         12023
         12024
         12025
         12026
         12027
         12028
         12029
         12030
         12031
         12032
         12033
         12137
         12138
         12139
         12140
         12141
         12142
         12143
         12144
         12145
         12146
         12147
         12148
         12149
         12150
         12151
         12152
         12153
         12154
         12155
         12156
         12157
         12158
         12159
         12262
         12263
         12264
         12265
         12266
         12267
         12268
         12269
         12270
         12271
         12272
         12273
         12274
         12275
         12276
         12277
         12278
         12279
         12280
         12281
         12282
         12283
         12284
         12285
         12388
         12389
         12390
         12391
         12392
         12393
         12394
         12395
         12396
         12397
         12398
         12399
         12400
         12401
         12402
         12403
         12404
         12405
         12406
         12407
         12408
         12409
         12410
         12411
         12514
         12515
         12516
         12517
         12518
         12519
         12520
         12521
         12522
         12523
         12524
         12525
         12526
         12527
         12528
         12529
         12530
         12531
         12532
         12533
         12534
         12535
         12536
         12537
         12641
         12642
         12643
         12644
         12645
         12646
         12647
         12648
         12649
         12650
         12651
         12652
         12653
         12654
         12655
         12656
         12657
         12658
         12659
         12660
         12661
         12662
         12663
         12766
         12767
         12768
         12769
         12770
         12771
         12772
         12773
         12774
         12775
         12776
         12777
         12778
         12779
         12780
         12781
         12782
         12783
         12784
         12785
         12786
         12787
         12788
         12789
         12891
         12892
         12893
         12894
         12895
         12896
         12897
         12898
         12899
         12900
         12901
         12902
         12903
         12904
         12905
         12906
         12907
         12908
         12909
         12910
         12911
         12912
         12913
         12914
         12915
         13017
         13018
         13019
         13020
         13021
         13022
         13023
         13024
         13025
         13026
         13027
         13028
         13029
         13030
         13031
         13032
         13033
         13034
         13035
         13036
         13037
         13038
         13039
         13040
         13041
         13142
         13143
         13144
         13145
         13146
         13147
         13148
         13149
         13150
         13151
         13152
         13153
         13154
         13155
         13156
         13157
         13158
         13159
         13160
         13161
         13162
         13163
         13164
         13165
         13166
         13167
         13267
         13268
         13269
         13270
         13271
         13272
         13273
         13274
         13275
         13276
         13277
         13278
         13279
         13280
         13281
         13282
         13283
         13284
         13285
         13286
         13287
         13288
         13289
         13290
         13291
         13292
         13293
         13393
         13394
         13395
         13396
         13397
         13398
         13399
         13400
         13401
         13402
         13403
         13404
         13405
         13406
         13407
         13408
         13409
         13410
         13411
         13412
         13413
         13414
         13415
         13416
         13417
         13418
         13419
         13518
         13519
         13520
         13521
         13522
         13523
         13524
         13525
         13526
         13527
         13528
         13529
         13530
         13531
         13532
         13533
         13534
         13535
         13536
         13537
         13538
         13539
         13540
         13541
         13542
         13543
         13544
         13545
         13640
         13641
         13642
         13643
         13644
         13645
         13646
         13647
         13648
         13649
         13650
         13651
         13652
         13653
         13654
         13655
         13656
         13657
         13658
         13659
         13660
         13661
         13662
         13663
         13664
         13665
         13666
         13667
         13668
         13669
         13670
         13671
         13763
         13764
         13765
         13766
         13767
         13768
         13769
         13770
         13771
         13772
         13773
         13774
         13775
         13776
         13777
         13778
         13779
         13780
         13781
         13782
         13783
         13784
         13785
         13786
         13787
         13788
         13789
         13790
         13791
         13792
         13793
         13794
         13795
         13796
         13797
         13890
         13891
         13892
         13893
         13894
         13895
         13896
         13897
         13898
         13899
         13900
         13901
         13902
         13903
         13904
         13905
         13906
         13907
         13908
         13909
         13910
         13911
         13912
         13913
         13914
         13915
         13916
         13917
         13918
         13919
         13920
         13921
         13922
         13923
         14018
         14019
         14020
         14021
         14022
         14023
         14024
         14025
         14026
         14027
         14028
         14029
         14030
         14031
         14032
         14033
         14034
         14035
         14036
         14037
         14038
         14039
         14040
         14041
         14042
         14043
         14044
         14045
         14046
         14047
         14048
         14049
         14147
         14148
         14149
         14150
         14151
         14152
         14153
         14154
         14155
         14156
         14157
         14158
         14159
         14160
         14161
         14162
         14163
         14164
         14165
         14166
         14167
         14168
         14169
         14170
         14171
         14172
         14173
         14174
         14175
         14273
         14274
         14275
         14276
         14277
         14278
         14279
         14280
         14281
         14282
         14283
         14284
         14285
         14286
         14287
         14288
         14289
         14290
         14291
         14292
         14293
         14294
         14295
         14296
         14297
         14298
         14299
         14300
         14301
         14400
         14401
         14402
         14403
         14404
         14405
         14406
         14407
         14408
         14409
         14410
         14411
         14412
         14413
         14414
         14415
         14416
         14417
         14418
         14419
         14420
         14421
         14422
         14423
         14424
         14425
         14426
         14427
         14525
         14526
         14527
         14528
         14529
         14530
         14531
         14532
         14533
         14534
         14535
         14536
         14537
         14538
         14539
         14540
         14541
         14542
         14543
         14544
         14545
         14546
         14547
         14548
         14549
         14550
         14551
         14552
         14553
         14649
         14650
         14651
         14652
         14653
         14654
         14655
         14656
         14657
         14658
         14659
         14660
         14661
         14662
         14663
         14664
         14665
         14666
         14667
         14668
         14669
         14670
         14671
         14672
         14673
         14674
         14675
         14676
         14677
         14678
         14679
         14775
         14776
         14777
         14778
         14779
         14780
         14781
         14782
         14783
         14784
         14785
         14786
         14787
         14788
         14789
         14790
         14791
         14792
         14793
         14794
         14795
         14796
         14797
         14798
         14799
         14800
         14801
         14802
         14803
         14804
         14805
         14900
         14901
         14902
         14903
         14904
         14905
         14906
         14907
         14908
         14909
         14910
         14911
         14912
         14913
         14914
         14915
         14916
         14917
         14918
         14919
         14920
         14921
         14922
         14923
         14924
         14925
         14926
         14927
         14928
         14929
         14930
         14931
         15025
         15026
         15027
         15028
         15029
         15030
         15031
         15032
         15033
         15034
         15035
         15036
         15037
         15038
         15039
         15040
         15041
         15042
         15043
         15044
         15045
         15046
         15047
         15048
         15049
         15050
         15051
         15052
         15053
         15054
         15055
         15056
         15057
         15150
         15151
         15152
         15157
         15158
         15159
         15160
         15161
         15162
         15163
         15164
         15165
         15166
         15167
         15168
         15169
         15170
         15171
         15172
         15173
         15174
         15175
         15176
         15177
         15178
         15179
         15180
         15181
         15182
         15183
         15277
         15285
         15286
         15287
         15288
         15289
         15290
         15291
         15292
         15293
         15294
         15295
         15296
         15297
         15298
         15299
         15300
         15301
         15302
         15303
         15304
         15305
         15306
         15307
         15308
         15309
         15412
         15413
         15414
         15415
         15416
         15417
         15418
         15419
         15420
         15421
         15422
         15423
         15424
         15425
         15426
         15427
         15428
         15429
         15430
         15431
         15432
         15433
         15434
         15435
         15539
         15540
         15541
         15542
         15543
         15544
         15545
         15546
         15547
         15548
         15549
         15550
         15551
         15552
         15553
         15554
         15555
         15556
         15557
         15558
         15559
         15560
         15561
         15666
         15667
         15668
         15670
         15671
         15672
         15673
         15674
         15675
         15676
         15677
         15678
         15679
         15680
         15681
         15682
         15683
         15684
         15685
         15686
         15687
         15797
         15798
         15799
         15800
         15801
         15802
         15803
         15804
         15805
         15806
         15807
         15808
         15809
         15810
         15811
         15812
         15813
         15923
         15924
         15925
         15926
         15927
         15928
         15929
         15930
         15931
         15932
         15933
         15934
         15935
         15936
         15937
         15938
         15939
         16049
         16050
         16051
         16052
         16053
         16054
         16055
         16056
         16057
         16058
         16059
         16060
         16061
         16062
         16063
         16064
         16065
         16175
         16176
         16177
         16178
         16179
         16180
         16181
         16182
         16184
         16185
         16186
         16187
         16188
         16189
         16190
         16191
         16302
         16303
         16304
         16310
         16316
         16317
         16428
         16429
         16442
         16443
         16568
