501  
          5230
          5231
          5232
          5356
          5357
          5358
          5359
          5482
          5483
          5484
          5485
          5608
          5609
          5610
          5611
          5734
          5735
          5736
          5737
          5739
          5860
          5861
          5862
          5863
          5864
          5865
          5986
          5987
          5988
          5989
          5990
          5991
          6112
          6113
          6114
          6115
          6116
          6117
          6118
          6119
          6120
          6122
          6123
          6238
          6239
          6240
          6241
          6242
          6243
          6244
          6245
          6246
          6247
          6364
          6365
          6366
          6367
          6368
          6369
          6370
          6371
          6372
          6373
          6374
          6490
          6491
          6492
          6493
          6494
          6495
          6496
          6497
          6498
          6499
          6500
          6501
          6616
          6617
          6618
          6619
          6620
          6621
          6622
          6623
          6624
          6625
          6626
          6627
          6628
          6742
          6743
          6744
          6745
          6746
          6747
          6748
          6749
          6750
          6751
          6752
          6753
          6754
          6868
          6869
          6870
          6871
          6872
          6873
          6874
          6875
          6876
          6877
          6878
          6879
          6880
          6994
          6995
          6996
          6997
          6998
          6999
          7000
          7001
          7002
          7003
          7004
          7005
          7006
          7120
          7121
          7122
          7123
          7124
          7125
          7126
          7127
          7128
          7129
          7130
          7131
          7132
          7133
          7246
          7247
          7248
          7249
          7250
          7251
          7252
          7253
          7254
          7255
          7256
          7257
          7258
          7259
          7372
          7373
          7374
          7375
          7376
          7377
          7378
          7379
          7380
          7381
          7382
          7383
          7384
          7385
          7386
          7391
          7392
          7498
          7499
          7500
          7501
          7502
          7503
          7504
          7505
          7506
          7507
          7508
          7509
          7510
          7511
          7512
          7516
          7517
          7624
          7625
          7626
          7627
          7628
          7629
          7630
          7631
          7632
          7633
          7634
          7635
          7636
          7637
          7638
          7640
          7641
          7642
          7644
          7645
          7750
          7751
          7752
          7753
          7754
          7755
          7756
          7757
          7758
          7759
          7760
          7761
          7762
          7763
          7764
          7765
          7766
          7767
          7876
          7877
          7878
          7879
          7880
          7881
          7882
          7883
          7884
          7885
          7886
          7887
          7888
          7889
          7890
          7891
          7892
          7893
          8002
          8003
          8004
          8005
          8006
          8007
          8008
          8009
          8010
          8011
          8012
          8013
          8014
          8015
          8016
          8017
          8018
          8019
          8128
          8129
          8130
          8131
          8132
          8133
          8134
          8135
          8136
          8137
          8138
          8139
          8140
          8141
          8142
          8143
          8144
          8145
          8146
          8254
          8255
          8256
          8257
          8258
          8259
          8260
          8261
          8262
          8263
          8264
          8265
          8266
          8267
          8268
          8269
          8270
          8271
          8272
          8273
          8274
          8380
          8381
          8382
          8383
          8384
          8385
          8386
          8387
          8388
          8389
          8390
          8391
          8392
          8393
          8394
          8395
          8396
          8397
          8398
          8399
          8506
          8507
          8508
          8509
          8510
          8511
          8512
          8513
          8514
          8515
          8516
          8517
          8518
          8519
          8520
          8521
          8522
          8523
          8524
          8525
          8526
          8632
          8633
          8634
          8635
          8636
          8637
          8638
          8639
          8640
          8641
          8642
          8643
          8644
          8645
          8646
          8647
          8648
          8649
          8650
          8651
          8758
          8759
          8760
          8761
          8762
          8763
          8764
          8765
          8766
          8767
          8768
          8769
          8770
          8771
          8772
          8773
          8774
          8775
          8776
          8884
          8885
          8886
          8887
          8888
          8889
          8890
          8891
          8892
          8893
          8894
          8895
          8896
          8897
          8898
          8899
          8900
          8901
          8902
          9010
          9011
          9012
          9013
          9014
          9015
          9016
          9017
          9018
          9019
          9020
          9021
          9022
          9023
          9024
          9025
          9026
          9027
          9028
          9029
          9030
          9136
          9137
          9138
          9139
          9140
          9141
          9142
          9143
          9144
          9145
          9146
          9147
          9148
          9149
          9150
          9151
          9152
          9153
          9154
          9155
          9262
          9263
          9264
          9265
          9266
          9267
          9268
          9269
          9270
          9271
          9272
          9273
          9274
          9275
          9276
          9277
          9278
          9279
          9280
          9388
          9389
          9390
          9391
          9392
          9393
          9394
          9395
          9396
          9397
          9398
          9399
          9400
          9401
          9402
          9403
          9404
          9405
          9406
          9514
          9515
          9516
          9517
          9518
          9519
          9520
          9521
          9522
          9523
          9524
          9525
          9526
          9527
          9528
          9529
          9530
          9531
          9532
