1182  
          1688
          1689
          1690
          1814
          1815
          1940
          1941
          2058
          2059
          2060
          2061
          2066
          2067
          2068
          2184
          2185
          2186
          2187
          2188
          2193
          2194
          2310
          2311
          2312
          2313
          2314
          2315
          2316
          2317
          2318
          2319
          2320
          2436
          2437
          2438
          2439
          2440
          2441
          2442
          2443
          2444
          2445
          2446
          2561
          2562
          2563
          2564
          2565
          2566
          2567
          2568
          2569
          2570
          2571
          2572
          2573
          2687
          2688
          2689
          2690
          2691
          2692
          2693
          2694
          2695
          2696
          2697
          2698
          2699
          2700
          2701
          2702
          2812
          2813
          2814
          2815
          2816
          2817
          2818
          2819
          2820
          2821
          2822
          2823
          2824
          2825
          2826
          2937
          2938
          2939
          2940
          2941
          2942
          2943
          2944
          2945
          2946
          2947
          2948
          2949
          2950
          2951
          3063
          3064
          3065
          3066
          3067
          3068
          3069
          3070
          3071
          3072
          3073
          3074
          3075
          3076
          3077
          3078
          3189
          3190
          3191
          3192
          3193
          3194
          3195
          3196
          3197
          3198
          3199
          3200
          3201
          3202
          3203
          3204
          3314
          3315
          3316
          3317
          3318
          3319
          3320
          3321
          3322
          3323
          3324
          3325
          3326
          3327
          3328
          3329
          3330
          3331
          3441
          3442
          3443
          3444
          3445
          3446
          3447
          3448
          3449
          3450
          3451
          3452
          3453
          3454
          3455
          3456
          3457
          3458
          3567
          3568
          3569
          3570
          3571
          3572
          3573
          3574
          3575
          3576
          3577
          3578
          3579
          3580
          3581
          3582
          3583
          3584
          3585
          3694
          3695
          3696
          3697
          3698
          3699
          3700
          3701
          3702
          3703
          3704
          3705
          3706
          3707
          3708
          3709
          3710
          3711
          3820
          3821
          3822
          3823
          3824
          3825
          3826
          3827
          3828
          3829
          3830
          3831
          3832
          3833
          3834
          3835
          3836
          3837
          3838
          3945
          3946
          3947
          3948
          3949
          3950
          3951
          3952
          3953
          3954
          3955
          3956
          3957
          3958
          3959
          3960
          3961
          3962
          3963
          3964
          3965
          4071
          4072
          4073
          4074
          4075
          4076
          4077
          4078
          4079
          4080
          4081
          4082
          4083
          4084
          4085
          4086
          4087
          4088
          4089
          4090
          4091
          4198
          4199
          4200
          4201
          4202
          4203
          4204
          4205
          4206
          4207
          4208
          4209
          4210
          4211
          4212
          4213
          4214
          4215
          4216
          4217
          4324
          4325
          4326
          4327
          4328
          4329
          4330
          4331
          4332
          4333
          4334
          4335
          4336
          4337
          4338
          4339
          4340
          4341
          4342
          4343
          4344
          4451
          4452
          4453
          4454
          4455
          4456
          4457
          4458
          4459
          4460
          4461
          4462
          4463
          4464
          4465
          4466
          4467
          4468
          4469
          4470
          4576
          4577
          4578
          4579
          4580
          4581
          4582
          4583
          4584
          4585
          4586
          4587
          4588
          4589
          4590
          4591
          4592
          4593
          4594
          4595
          4596
          4702
          4703
          4704
          4705
          4706
          4707
          4708
          4709
          4710
          4711
          4712
          4713
          4714
          4715
          4716
          4717
          4718
          4719
          4720
          4721
          4722
          4828
          4829
          4830
          4831
          4832
          4833
          4834
          4835
          4836
          4837
          4838
          4839
          4840
          4841
          4842
          4843
          4844
          4845
          4846
          4847
          4848
          4849
          4850
          4851
          4954
          4955
          4956
          4957
          4958
          4959
          4960
          4961
          4962
          4963
          4964
          4965
          4966
          4967
          4968
          4969
          4970
          4971
          4972
          4973
          4974
          4975
          4976
          4977
          5080
          5081
          5082
          5083
          5084
          5085
          5086
          5087
          5088
          5089
          5090
          5091
          5092
          5093
          5094
          5095
          5096
          5097
          5098
          5099
          5100
          5101
          5102
          5103
          5205
          5206
          5207
          5208
          5209
          5210
          5211
          5212
          5213
          5214
          5215
          5216
          5217
          5218
          5219
          5220
          5221
          5222
          5223
          5224
          5225
          5226
          5227
          5228
          5229
          5332
          5333
          5334
          5335
          5336
          5337
          5338
          5339
          5340
          5341
          5342
          5343
          5344
          5345
          5346
          5347
          5348
          5349
          5350
          5351
          5352
          5353
          5354
          5355
          5457
          5458
          5459
          5460
          5461
          5462
          5463
          5464
          5465
          5466
          5467
          5468
          5469
          5470
          5471
          5472
          5473
          5474
          5475
          5476
          5477
          5478
          5479
          5480
          5481
          5584
          5585
          5586
          5587
          5588
          5589
          5590
          5591
          5592
          5593
          5594
          5595
          5596
          5597
          5598
          5599
          5600
          5601
          5602
          5603
          5604
          5605
          5606
          5607
          5711
          5712
          5713
          5714
          5715
          5716
          5717
          5718
          5719
          5720
          5721
          5722
          5723
          5724
          5725
          5726
          5727
          5728
          5729
          5730
          5731
          5732
          5733
          5838
          5839
          5840
          5841
          5842
          5843
          5844
          5845
          5846
          5847
          5848
          5849
          5850
          5851
          5852
          5853
          5854
          5855
          5856
          5857
          5858
          5859
          5964
          5965
          5966
          5967
          5968
          5969
          5970
          5971
          5972
          5973
          5974
          5975
          5976
          5977
          5978
          5979
          5980
          5981
          5982
          5983
          5984
          5985
          6091
          6092
          6093
          6094
          6095
          6096
          6097
          6098
          6099
          6100
          6101
          6102
          6103
          6104
          6105
          6106
          6107
          6108
          6109
          6110
          6111
          6216
          6217
          6218
          6219
          6220
          6221
          6222
          6223
          6224
          6225
          6226
          6227
          6228
          6229
          6230
          6231
          6232
          6233
          6234
          6235
          6236
          6237
          6342
          6343
          6344
          6345
          6346
          6347
          6348
          6349
          6350
          6351
          6352
          6353
          6354
          6355
          6356
          6357
          6358
          6359
          6360
          6361
          6362
          6363
          6468
          6469
          6470
          6471
          6472
          6473
          6474
          6475
          6476
          6477
          6478
          6479
          6480
          6481
          6482
          6483
          6484
          6485
          6486
          6487
          6488
          6489
          6594
          6595
          6596
          6597
          6598
          6599
          6600
          6601
          6602
          6603
          6604
          6605
          6606
          6607
          6608
          6609
          6610
          6611
          6612
          6613
          6614
          6615
          6721
          6722
          6723
          6724
          6725
          6726
          6727
          6728
          6729
          6730
          6731
          6732
          6733
          6734
          6735
          6736
          6737
          6738
          6739
          6740
          6741
          6847
          6848
          6849
          6850
          6851
          6852
          6853
          6854
          6855
          6856
          6857
          6858
          6859
          6860
          6861
          6862
          6863
          6864
          6865
          6866
          6867
          6973
          6974
          6975
          6976
          6977
          6978
          6979
          6980
          6981
          6982
          6983
          6984
          6985
          6986
          6987
          6988
          6989
          6990
          6991
          6992
          6993
          7098
          7099
          7100
          7101
          7102
          7103
          7104
          7105
          7106
          7107
          7108
          7109
          7110
          7111
          7112
          7113
          7114
          7115
          7116
          7117
          7118
          7119
          7224
          7225
          7226
          7227
          7228
          7229
          7230
          7231
          7232
          7233
          7234
          7235
          7236
          7237
          7238
          7239
          7240
          7241
          7242
          7243
          7244
          7245
          7350
          7351
          7352
          7353
          7354
          7355
          7356
          7357
          7358
          7359
          7360
          7361
          7362
          7363
          7364
          7365
          7366
          7367
          7368
          7369
          7370
          7371
          7476
          7477
          7478
          7479
          7480
          7481
          7482
          7483
          7484
          7485
          7486
          7487
          7488
          7489
          7490
          7491
          7492
          7493
          7494
          7495
          7496
          7497
          7603
          7604
          7605
          7606
          7607
          7608
          7609
          7610
          7611
          7612
          7613
          7614
          7615
          7616
          7617
          7618
          7619
          7620
          7621
          7622
          7623
          7730
          7731
          7732
          7733
          7734
          7735
          7736
          7737
          7738
          7739
          7740
          7741
          7742
          7743
          7744
          7745
          7746
          7747
          7748
          7749
          7857
          7858
          7859
          7860
          7861
          7862
          7863
          7864
          7865
          7866
          7867
          7868
          7869
          7870
          7871
          7872
          7873
          7874
          7875
          7982
          7983
          7984
          7985
          7986
          7987
          7988
          7989
          7990
          7991
          7992
          7993
          7994
          7995
          7996
          7997
          7998
          7999
          8000
          8001
          8108
          8109
          8110
          8111
          8112
          8113
          8114
          8115
          8116
          8117
          8118
          8119
          8120
          8121
          8122
          8123
          8124
          8125
          8126
          8127
          8234
          8235
          8236
          8237
          8238
          8239
          8240
          8241
          8242
          8243
          8244
          8245
          8246
          8247
          8248
          8249
          8250
          8251
          8252
          8253
          8360
          8361
          8362
          8363
          8364
          8365
          8366
          8367
          8368
          8369
          8370
          8371
          8372
          8373
          8374
          8375
          8376
          8377
          8378
          8379
          8486
          8487
          8488
          8489
          8490
          8491
          8492
          8493
          8494
          8495
          8496
          8497
          8498
          8499
          8500
          8501
          8502
          8503
          8504
          8505
          8612
          8613
          8614
          8615
          8616
          8617
          8618
          8619
          8620
          8621
          8622
          8623
          8624
          8625
          8626
          8627
          8628
          8629
          8630
          8631
          8739
          8740
          8741
          8742
          8743
          8744
          8745
          8746
          8747
          8748
          8749
          8750
          8751
          8752
          8753
          8754
          8755
          8756
          8757
          8865
          8866
          8867
          8868
          8869
          8870
          8871
          8872
          8873
          8874
          8875
          8876
          8877
          8878
          8879
          8880
          8881
          8882
          8883
          8991
          8992
          8993
          8994
          8995
          8996
          8997
          8998
          8999
          9000
          9001
          9002
          9003
          9004
          9005
          9006
          9007
          9008
          9009
          9117
          9118
          9119
          9120
          9121
          9122
          9123
          9124
          9125
          9126
          9127
          9128
          9129
          9130
          9131
          9132
          9133
          9134
          9135
          9243
          9244
          9245
          9246
          9247
          9248
          9249
          9250
          9251
          9252
          9253
          9254
          9255
          9256
          9257
          9258
          9259
          9260
          9261
          9368
          9369
          9370
          9371
          9372
          9373
          9374
          9375
          9376
          9377
          9378
          9379
          9380
          9381
          9382
          9383
          9384
          9385
          9386
          9387
          9495
          9496
          9497
          9498
          9499
          9500
          9501
          9502
          9503
          9504
          9505
          9506
          9507
          9508
          9509
          9510
          9511
          9512
          9513
