510
3.396580e-02
5.163974e-02
6.510191e-02
7.540037e-02
8.357566e-02
9.035080e-02
9.617671e-02
1.013289e-01
1.059790e-01
1.102385e-01
1.141832e-01
1.178676e-01
1.213316e-01
1.245984e-01
1.276953e-01
1.306497e-01
1.334768e-01
1.361894e-01
1.387985e-01
1.413132e-01
1.437417e-01
1.460912e-01
1.483675e-01
1.505762e-01
1.527221e-01
1.548094e-01
1.568371e-01
1.588142e-01
1.607438e-01
1.626283e-01
1.644705e-01
1.662727e-01
1.680368e-01
1.697649e-01
1.714587e-01
1.731198e-01
1.747497e-01
1.763501e-01
1.779207e-01
1.794630e-01
1.809794e-01
1.824710e-01
1.839389e-01
1.853839e-01
1.868069e-01
1.882086e-01
1.895899e-01
1.909515e-01
1.922915e-01
1.935226e-01
1.938954e-01
3.396580e-02
5.163974e-02
6.510191e-02
7.540037e-02
8.357566e-02
9.035080e-02
9.617671e-02
1.013289e-01
1.059790e-01
1.102385e-01
1.141832e-01
1.178676e-01
1.213316e-01
1.245984e-01
1.276953e-01
1.306497e-01
1.334768e-01
1.361894e-01
1.387985e-01
1.413132e-01
1.437417e-01
1.460912e-01
1.483675e-01
1.505762e-01
1.527221e-01
1.548094e-01
1.568371e-01
1.588142e-01
1.607438e-01
1.626283e-01
1.644705e-01
1.662727e-01
1.680368e-01
1.697649e-01
1.714587e-01
1.731198e-01
1.747497e-01
1.763501e-01
1.779207e-01
1.794630e-01
1.809794e-01
1.824710e-01
1.839389e-01
1.853839e-01
1.868069e-01
1.882086e-01
1.895899e-01
1.909515e-01
1.922915e-01
1.935226e-01
1.938954e-01
3.396580e-02
5.163974e-02
6.510191e-02
7.540037e-02
8.357566e-02
9.035080e-02
9.617671e-02
1.013289e-01
1.059790e-01
1.102385e-01
1.141832e-01
1.178676e-01
1.213316e-01
1.245984e-01
1.276953e-01
1.306497e-01
1.334768e-01
1.361894e-01
1.387985e-01
1.413132e-01
1.437417e-01
1.460912e-01
1.483675e-01
1.505762e-01
1.527221e-01
1.548094e-01
1.568371e-01
1.588142e-01
1.607438e-01
1.626283e-01
1.644705e-01
1.662727e-01
1.680368e-01
1.697649e-01
1.714587e-01
1.731198e-01
1.747497e-01
1.763501e-01
1.779207e-01
1.794630e-01
1.809794e-01
1.824710e-01
1.839389e-01
1.853839e-01
1.868069e-01
1.882086e-01
1.895899e-01
1.909515e-01
1.922915e-01
1.935226e-01
1.938954e-01
3.396580e-02
5.163974e-02
6.510191e-02
7.540037e-02
8.357566e-02
9.035080e-02
9.617671e-02
1.013289e-01
1.059790e-01
1.102385e-01
1.141832e-01
1.178676e-01
1.213316e-01
1.245984e-01
1.276953e-01
1.306497e-01
1.334768e-01
1.361894e-01
1.387985e-01
1.413132e-01
1.437417e-01
1.460912e-01
1.483675e-01
1.505762e-01
1.527221e-01
1.548094e-01
1.568371e-01
1.588142e-01
1.607438e-01
1.626283e-01
1.644705e-01
1.662727e-01
1.680368e-01
1.697649e-01
1.714587e-01
1.731198e-01
1.747497e-01
1.763501e-01
1.779207e-01
1.794630e-01
1.809794e-01
1.824710e-01
1.839389e-01
1.853839e-01
1.868069e-01
1.882086e-01
1.895899e-01
1.909515e-01
1.922915e-01
1.935226e-01
1.938954e-01
3.396580e-02
5.163974e-02
6.510191e-02
7.540037e-02
8.357566e-02
9.035080e-02
9.617671e-02
1.013289e-01
1.059790e-01
1.102385e-01
1.141832e-01
1.178676e-01
1.213316e-01
1.245984e-01
1.276953e-01
1.306497e-01
1.334768e-01
1.361894e-01
1.387985e-01
1.413132e-01
1.437417e-01
1.460912e-01
1.483675e-01
1.505762e-01
1.527221e-01
1.548094e-01
1.568371e-01
1.588142e-01
1.607438e-01
1.626283e-01
1.644705e-01
1.662727e-01
1.680368e-01
1.697649e-01
1.714587e-01
1.731198e-01
1.747497e-01
1.763501e-01
1.779207e-01
1.794630e-01
1.809794e-01
1.824710e-01
1.839389e-01
1.853839e-01
1.868069e-01
1.882086e-01
1.895899e-01
1.909515e-01
1.922915e-01
1.935226e-01
1.938954e-01
3.396580e-02
5.163974e-02
6.510191e-02
7.540037e-02
8.357566e-02
9.035080e-02
9.617671e-02
1.013289e-01
1.059790e-01
1.102385e-01
1.141832e-01
1.178676e-01
1.213316e-01
1.245984e-01
1.276953e-01
1.306497e-01
1.334768e-01
1.361894e-01
1.387985e-01
1.413132e-01
1.437417e-01
1.460912e-01
1.483675e-01
1.505762e-01
1.527221e-01
1.548094e-01
1.568371e-01
1.588142e-01
1.607438e-01
1.626283e-01
1.644705e-01
1.662727e-01
1.680368e-01
1.697649e-01
1.714587e-01
1.731198e-01
1.747497e-01
1.763501e-01
1.779207e-01
1.794630e-01
1.809794e-01
1.824710e-01
1.839389e-01
1.853839e-01
1.868069e-01
1.882086e-01
1.895899e-01
1.909515e-01
1.922915e-01
1.935226e-01
1.938954e-01
3.396580e-02
5.163974e-02
6.510191e-02
7.540037e-02
8.357566e-02
9.035080e-02
9.617671e-02
1.013289e-01
1.059790e-01
1.102385e-01
1.141832e-01
1.178676e-01
1.213316e-01
1.245984e-01
1.276953e-01
1.306497e-01
1.334768e-01
1.361894e-01
1.387985e-01
1.413132e-01
1.437417e-01
1.460912e-01
1.483675e-01
1.505762e-01
1.527221e-01
1.548094e-01
1.568371e-01
1.588142e-01
1.607438e-01
1.626283e-01
1.644705e-01
1.662727e-01
1.680368e-01
1.697649e-01
1.714587e-01
1.731198e-01
1.747497e-01
1.763501e-01
1.779207e-01
1.794630e-01
1.809794e-01
1.824710e-01
1.839389e-01
1.853839e-01
1.868069e-01
1.882086e-01
1.895899e-01
1.909515e-01
1.922915e-01
1.935226e-01
1.938954e-01
3.396580e-02
5.163974e-02
6.510191e-02
7.540037e-02
8.357566e-02
9.035080e-02
9.617671e-02
1.013289e-01
1.059790e-01
1.102385e-01
1.141832e-01
1.178676e-01
1.213316e-01
1.245984e-01
1.276953e-01
1.306497e-01
1.334768e-01
1.361894e-01
1.387985e-01
1.413132e-01
1.437417e-01
1.460912e-01
1.483675e-01
1.505762e-01
1.527221e-01
1.548094e-01
1.568371e-01
1.588142e-01
1.607438e-01
1.626283e-01
1.644705e-01
1.662727e-01
1.680368e-01
1.697649e-01
1.714587e-01
1.731198e-01
1.747497e-01
1.763501e-01
1.779207e-01
1.794630e-01
1.809794e-01
1.824710e-01
1.839389e-01
1.853839e-01
1.868069e-01
1.882086e-01
1.895899e-01
1.909515e-01
1.922915e-01
1.935226e-01
1.938954e-01
3.396580e-02
5.163974e-02
6.510191e-02
7.540037e-02
8.357566e-02
9.035080e-02
9.617671e-02
1.013289e-01
1.059790e-01
1.102385e-01
1.141832e-01
1.178676e-01
1.213316e-01
1.245984e-01
1.276953e-01
1.306497e-01
1.334768e-01
1.361894e-01
1.387985e-01
1.413132e-01
1.437417e-01
1.460912e-01
1.483675e-01
1.505762e-01
1.527221e-01
1.548094e-01
1.568371e-01
1.588142e-01
1.607438e-01
1.626283e-01
1.644705e-01
1.662727e-01
1.680368e-01
1.697649e-01
1.714587e-01
1.731198e-01
1.747497e-01
1.763501e-01
1.779207e-01
1.794630e-01
1.809794e-01
1.824710e-01
1.839389e-01
1.853839e-01
1.868069e-01
1.882086e-01
1.895899e-01
1.909515e-01
1.922915e-01
1.935226e-01
1.938954e-01
3.396580e-02
5.163974e-02
6.510191e-02
7.540037e-02
8.357566e-02
9.035080e-02
9.617671e-02
1.013289e-01
1.059790e-01
1.102385e-01
1.141832e-01
1.178676e-01
1.213316e-01
1.245984e-01
1.276953e-01
1.306497e-01
1.334768e-01
1.361894e-01
1.387985e-01
1.413132e-01
1.437417e-01
1.460912e-01
1.483675e-01
1.505762e-01
1.527221e-01
1.548094e-01
1.568371e-01
1.588142e-01
1.607438e-01
1.626283e-01
1.644705e-01
1.662727e-01
1.680368e-01
1.697649e-01
1.714587e-01
1.731198e-01
1.747497e-01
1.763501e-01
1.779207e-01
1.794630e-01
1.809794e-01
1.824710e-01
1.839389e-01
1.853839e-01
1.868069e-01
1.882086e-01
1.895899e-01
1.909515e-01
1.922915e-01
1.935226e-01
1.938954e-01
