510
0.0000000E+00
1.5963930E-05
2.5435650E-05
3.2408990E-05
3.7700180E-05
4.1870780E-05
4.5312760E-05
4.8265970E-05
5.0874460E-05
5.3226960E-05
5.5380660E-05
5.7374360E-05
5.9235800E-05
6.0985390E-05
6.2638820E-05
6.4208570E-05
6.5704610E-05
6.7133690E-05
6.8501870E-05
6.9817640E-05
7.1085700E-05
7.2310280E-05
7.3494800E-05
7.4642380E-05
7.5755810E-05
7.6837500E-05
7.7889580E-05
7.8914020E-05
7.9912620E-05
8.0886900E-05
8.1838220E-05
8.2768000E-05
8.3677380E-05
8.4567430E-05
8.5438340E-05
8.6291610E-05
8.7128300E-05
8.7949390E-05
8.8755490E-05
8.9547250E-05
9.0325260E-05
9.1090150E-05
9.1842480E-05
9.2582740E-05
9.3311390E-05
9.4028840E-05
9.4735520E-05
9.5431850E-05
9.6117220E-05
9.6757260E-05
9.6947700E-05
0.0000000E+00
1.5963930E-05
2.5435650E-05
3.2408990E-05
3.7700180E-05
4.1870780E-05
4.5312760E-05
4.8265970E-05
5.0874460E-05
5.3226960E-05
5.5380660E-05
5.7374360E-05
5.9235800E-05
6.0985390E-05
6.2638820E-05
6.4208570E-05
6.5704610E-05
6.7133690E-05
6.8501870E-05
6.9817640E-05
7.1085700E-05
7.2310280E-05
7.3494800E-05
7.4642380E-05
7.5755810E-05
7.6837500E-05
7.7889580E-05
7.8914020E-05
7.9912620E-05
8.0886900E-05
8.1838220E-05
8.2768000E-05
8.3677380E-05
8.4567430E-05
8.5438340E-05
8.6291610E-05
8.7128300E-05
8.7949390E-05
8.8755490E-05
8.9547250E-05
9.0325260E-05
9.1090150E-05
9.1842480E-05
9.2582740E-05
9.3311390E-05
9.4028840E-05
9.4735520E-05
9.5431850E-05
9.6117220E-05
9.6757260E-05
9.6947700E-05
0.0000000E+00
1.5963930E-05
2.5435650E-05
3.2408990E-05
3.7700180E-05
4.1870780E-05
4.5312760E-05
4.8265970E-05
5.0874460E-05
5.3226960E-05
5.5380660E-05
5.7374360E-05
5.9235800E-05
6.0985390E-05
6.2638820E-05
6.4208570E-05
6.5704610E-05
6.7133690E-05
6.8501870E-05
6.9817640E-05
7.1085700E-05
7.2310280E-05
7.3494800E-05
7.4642380E-05
7.5755810E-05
7.6837500E-05
7.7889580E-05
7.8914020E-05
7.9912620E-05
8.0886900E-05
8.1838220E-05
8.2768000E-05
8.3677380E-05
8.4567430E-05
8.5438340E-05
8.6291610E-05
8.7128300E-05
8.7949390E-05
8.8755490E-05
8.9547250E-05
9.0325260E-05
9.1090150E-05
9.1842480E-05
9.2582740E-05
9.3311390E-05
9.4028840E-05
9.4735520E-05
9.5431850E-05
9.6117220E-05
9.6757260E-05
9.6947700E-05
0.0000000E+00
1.5963930E-05
2.5435650E-05
3.2408990E-05
3.7700180E-05
4.1870780E-05
4.5312760E-05
4.8265970E-05
5.0874460E-05
5.3226960E-05
5.5380660E-05
5.7374360E-05
5.9235800E-05
6.0985390E-05
6.2638820E-05
6.4208570E-05
6.5704610E-05
6.7133690E-05
6.8501870E-05
6.9817640E-05
7.1085700E-05
7.2310280E-05
7.3494800E-05
7.4642380E-05
7.5755810E-05
7.6837500E-05
7.7889580E-05
7.8914020E-05
7.9912620E-05
8.0886900E-05
8.1838220E-05
8.2768000E-05
8.3677380E-05
8.4567430E-05
8.5438340E-05
8.6291610E-05
8.7128300E-05
8.7949390E-05
8.8755490E-05
8.9547250E-05
9.0325260E-05
9.1090150E-05
9.1842480E-05
9.2582740E-05
9.3311390E-05
9.4028840E-05
9.4735520E-05
9.5431850E-05
9.6117220E-05
9.6757260E-05
9.6947700E-05
0.0000000E+00
1.5963930E-05
2.5435650E-05
3.2408990E-05
3.7700180E-05
4.1870780E-05
4.5312760E-05
4.8265970E-05
5.0874460E-05
5.3226960E-05
5.5380660E-05
5.7374360E-05
5.9235800E-05
6.0985390E-05
6.2638820E-05
6.4208570E-05
6.5704610E-05
6.7133690E-05
6.8501870E-05
6.9817640E-05
7.1085700E-05
7.2310280E-05
7.3494800E-05
7.4642380E-05
7.5755810E-05
7.6837500E-05
7.7889580E-05
7.8914020E-05
7.9912620E-05
8.0886900E-05
8.1838220E-05
8.2768000E-05
8.3677380E-05
8.4567430E-05
8.5438340E-05
8.6291610E-05
8.7128300E-05
8.7949390E-05
8.8755490E-05
8.9547250E-05
9.0325260E-05
9.1090150E-05
9.1842480E-05
9.2582740E-05
9.3311390E-05
9.4028840E-05
9.4735520E-05
9.5431850E-05
9.6117220E-05
9.6757260E-05
9.6947700E-05
0.0000000E+00
1.5963930E-05
2.5435650E-05
3.2408990E-05
3.7700180E-05
4.1870780E-05
4.5312760E-05
4.8265970E-05
5.0874460E-05
5.3226960E-05
5.5380660E-05
5.7374360E-05
5.9235800E-05
6.0985390E-05
6.2638820E-05
6.4208570E-05
6.5704610E-05
6.7133690E-05
6.8501870E-05
6.9817640E-05
7.1085700E-05
7.2310280E-05
7.3494800E-05
7.4642380E-05
7.5755810E-05
7.6837500E-05
7.7889580E-05
7.8914020E-05
7.9912620E-05
8.0886900E-05
8.1838220E-05
8.2768000E-05
8.3677380E-05
8.4567430E-05
8.5438340E-05
8.6291610E-05
8.7128300E-05
8.7949390E-05
8.8755490E-05
8.9547250E-05
9.0325260E-05
9.1090150E-05
9.1842480E-05
9.2582740E-05
9.3311390E-05
9.4028840E-05
9.4735520E-05
9.5431850E-05
9.6117220E-05
9.6757260E-05
9.6947700E-05
0.0000000E+00
1.5963930E-05
2.5435650E-05
3.2408990E-05
3.7700180E-05
4.1870780E-05
4.5312760E-05
4.8265970E-05
5.0874460E-05
5.3226960E-05
5.5380660E-05
5.7374360E-05
5.9235800E-05
6.0985390E-05
6.2638820E-05
6.4208570E-05
6.5704610E-05
6.7133690E-05
6.8501870E-05
6.9817640E-05
7.1085700E-05
7.2310280E-05
7.3494800E-05
7.4642380E-05
7.5755810E-05
7.6837500E-05
7.7889580E-05
7.8914020E-05
7.9912620E-05
8.0886900E-05
8.1838220E-05
8.2768000E-05
8.3677380E-05
8.4567430E-05
8.5438340E-05
8.6291610E-05
8.7128300E-05
8.7949390E-05
8.8755490E-05
8.9547250E-05
9.0325260E-05
9.1090150E-05
9.1842480E-05
9.2582740E-05
9.3311390E-05
9.4028840E-05
9.4735520E-05
9.5431850E-05
9.6117220E-05
9.6757260E-05
9.6947700E-05
0.0000000E+00
1.5963930E-05
2.5435650E-05
3.2408990E-05
3.7700180E-05
4.1870780E-05
4.5312760E-05
4.8265970E-05
5.0874460E-05
5.3226960E-05
5.5380660E-05
5.7374360E-05
5.9235800E-05
6.0985390E-05
6.2638820E-05
6.4208570E-05
6.5704610E-05
6.7133690E-05
6.8501870E-05
6.9817640E-05
7.1085700E-05
7.2310280E-05
7.3494800E-05
7.4642380E-05
7.5755810E-05
7.6837500E-05
7.7889580E-05
7.8914020E-05
7.9912620E-05
8.0886900E-05
8.1838220E-05
8.2768000E-05
8.3677380E-05
8.4567430E-05
8.5438340E-05
8.6291610E-05
8.7128300E-05
8.7949390E-05
8.8755490E-05
8.9547250E-05
9.0325260E-05
9.1090150E-05
9.1842480E-05
9.2582740E-05
9.3311390E-05
9.4028840E-05
9.4735520E-05
9.5431850E-05
9.6117220E-05
9.6757260E-05
9.6947700E-05
0.0000000E+00
1.5963930E-05
2.5435650E-05
3.2408990E-05
3.7700180E-05
4.1870780E-05
4.5312760E-05
4.8265970E-05
5.0874460E-05
5.3226960E-05
5.5380660E-05
5.7374360E-05
5.9235800E-05
6.0985390E-05
6.2638820E-05
6.4208570E-05
6.5704610E-05
6.7133690E-05
6.8501870E-05
6.9817640E-05
7.1085700E-05
7.2310280E-05
7.3494800E-05
7.4642380E-05
7.5755810E-05
7.6837500E-05
7.7889580E-05
7.8914020E-05
7.9912620E-05
8.0886900E-05
8.1838220E-05
8.2768000E-05
8.3677380E-05
8.4567430E-05
8.5438340E-05
8.6291610E-05
8.7128300E-05
8.7949390E-05
8.8755490E-05
8.9547250E-05
9.0325260E-05
9.1090150E-05
9.1842480E-05
9.2582740E-05
9.3311390E-05
9.4028840E-05
9.4735520E-05
9.5431850E-05
9.6117220E-05
9.6757260E-05
9.6947700E-05
0.0000000E+00
1.5963930E-05
2.5435650E-05
3.2408990E-05
3.7700180E-05
4.1870780E-05
4.5312760E-05
4.8265970E-05
5.0874460E-05
5.3226960E-05
5.5380660E-05
5.7374360E-05
5.9235800E-05
6.0985390E-05
6.2638820E-05
6.4208570E-05
6.5704610E-05
6.7133690E-05
6.8501870E-05
6.9817640E-05
7.1085700E-05
7.2310280E-05
7.3494800E-05
7.4642380E-05
7.5755810E-05
7.6837500E-05
7.7889580E-05
7.8914020E-05
7.9912620E-05
8.0886900E-05
8.1838220E-05
8.2768000E-05
8.3677380E-05
8.4567430E-05
8.5438340E-05
8.6291610E-05
8.7128300E-05
8.7949390E-05
8.8755490E-05
8.9547250E-05
9.0325260E-05
9.1090150E-05
9.1842480E-05
9.2582740E-05
9.3311390E-05
9.4028840E-05
9.4735520E-05
9.5431850E-05
9.6117220E-05
9.6757260E-05
9.6947700E-05
