373  
7855 9388 9389 9421 9420
7856 9389 9390 9422 9421
7857 9390 9391 9423 9422
7858 9391 9392 9424 9423
7859 9392 9393 9425 9424
7860 9393 9394 9426 9425
7861 9394 9395 9427 9426
7862 9395 9396 9428 9427
7863 9396 9397 9429 9428
7884 9418 9419 9451 9450
7885 9419 9420 9452 9451
7886 9420 9421 9453 9452
7887 9421 9422 9454 9453
7888 9422 9423 9455 9454
7889 9423 9424 9456 9455
7890 9424 9425 9457 9456
7891 9425 9426 9458 9457
7892 9426 9427 9459 9458
7893 9427 9428 9460 9459
7894 9428 9429 9461 9460
7895 9429 9430 9462 9461
7896 9430 9431 9463 9462
7914 9449 9450 9482 9481
7915 9450 9451 9483 9482
7916 9451 9452 9484 9483
7917 9452 9453 9485 9484
7918 9453 9454 9486 9485
7919 9454 9455 9487 9486
7920 9455 9456 9488 9487
7921 9456 9457 9489 9488
7922 9457 9458 9490 9489
7923 9458 9459 9491 9490
7924 9459 9460 9492 9491
7925 9460 9461 9493 9492
7926 9461 9462 9494 9493
7927 9462 9463 9495 9494
7928 9463 9464 9496 9495
7944 9480 9481 9513 9512
7945 9481 9482 9514 9513
7946 9482 9483 9515 9514
7947 9483 9484 9516 9515
7948 9484 9485 9517 9516
7949 9485 9486 9518 9517
7950 9486 9487 9519 9518
7951 9487 9488 9520 9519
7952 9488 9489 9521 9520
7953 9489 9490 9522 9521
7954 9490 9491 9523 9522
7955 9491 9492 9524 9523
7956 9492 9493 9525 9524
7957 9493 9494 9526 9525
7958 9494 9495 9527 9526
7959 9495 9496 9528 9527
7960 9496 9497 9529 9528
7974 9511 9512 9544 9543
7975 9512 9513 9545 9544
7976 9513 9514 9546 9545
7977 9514 9515 9547 9546
7978 9515 9516 9548 9547
7979 9516 9517 9549 9548
7980 9517 9518 9550 9549
7981 9518 9519 9551 9550
7982 9519 9520 9552 9551
7983 9520 9521 9553 9552
7984 9521 9522 9554 9553
7985 9522 9523 9555 9554
7986 9523 9524 9556 9555
7987 9524 9525 9557 9556
7988 9525 9526 9558 9557
7989 9526 9527 9559 9558
7990 9527 9528 9560 9559
7991 9528 9529 9561 9560
7992 9529 9530 9562 9561
8005 9543 9544 9576 9575
8006 9544 9545 9577 9576
8007 9545 9546 9578 9577
8008 9546 9547 9579 9578
8009 9547 9548 9580 9579
8010 9548 9549 9581 9580
8011 9549 9550 9582 9581
8012 9550 9551 9583 9582
8013 9551 9552 9584 9583
8014 9552 9553 9585 9584
8015 9553 9554 9586 9585
8016 9554 9555 9587 9586
8017 9555 9556 9588 9587
8018 9556 9557 9589 9588
8019 9557 9558 9590 9589
8020 9558 9559 9591 9590
8021 9559 9560 9592 9591
8022 9560 9561 9593 9592
8023 9561 9562 9594 9593
8035 9574 9575 9607 9606
8036 9575 9576 9608 9607
8037 9576 9577 9609 9608
8038 9577 9578 9610 9609
8039 9578 9579 9611 9610
8040 9579 9580 9612 9611
8041 9580 9581 9613 9612
8042 9581 9582 9614 9613
8043 9582 9583 9615 9614
8044 9583 9584 9616 9615
8045 9584 9585 9617 9616
8046 9585 9586 9618 9617
8047 9586 9587 9619 9618
8048 9587 9588 9620 9619
8049 9588 9589 9621 9620
8050 9589 9590 9622 9621
8051 9590 9591 9623 9622
8052 9591 9592 9624 9623
8053 9592 9593 9625 9624
8054 9593 9594 9626 9625
8055 9594 9595 9627 9626
8066 9606 9607 9639 9638
8067 9607 9608 9640 9639
8068 9608 9609 9641 9640
8069 9609 9610 9642 9641
8070 9610 9611 9643 9642
8071 9611 9612 9644 9643
8072 9612 9613 9645 9644
8073 9613 9614 9646 9645
8074 9614 9615 9647 9646
8075 9615 9616 9648 9647
8076 9616 9617 9649 9648
8077 9617 9618 9650 9649
8078 9618 9619 9651 9650
8079 9619 9620 9652 9651
8080 9620 9621 9653 9652
8081 9621 9622 9654 9653
8082 9622 9623 9655 9654
8083 9623 9624 9656 9655
8084 9624 9625 9657 9656
8085 9625 9626 9658 9657
8086 9626 9627 9659 9658
8097 9638 9639 9671 9670
8098 9639 9640 9672 9671
8099 9640 9641 9673 9672
8100 9641 9642 9674 9673
8101 9642 9643 9675 9674
8102 9643 9644 9676 9675
8103 9644 9645 9677 9676
8104 9645 9646 9678 9677
8105 9646 9647 9679 9678
8106 9647 9648 9680 9679
8107 9648 9649 9681 9680
8108 9649 9650 9682 9681
8109 9650 9651 9683 9682
8110 9651 9652 9684 9683
8111 9652 9653 9685 9684
8112 9653 9654 9686 9685
8113 9654 9655 9687 9686
8114 9655 9656 9688 9687
8115 9656 9657 9689 9688
8116 9657 9658 9690 9689
8117 9658 9659 9691 9690
8128 9670 9671 9703 9702
8129 9671 9672 9704 9703
8130 9672 9673 9705 9704
8131 9673 9674 9706 9705
8132 9674 9675 9707 9706
8133 9675 9676 9708 9707
8134 9676 9677 9709 9708
8135 9677 9678 9710 9709
8136 9678 9679 9711 9710
8137 9679 9680 9712 9711
8138 9680 9681 9713 9712
8139 9681 9682 9714 9713
8140 9682 9683 9715 9714
8141 9683 9684 9716 9715
8142 9684 9685 9717 9716
8143 9685 9686 9718 9717
8144 9686 9687 9719 9718
8145 9687 9688 9720 9719
8146 9688 9689 9721 9720
8147 9689 9690 9722 9721
8148 9690 9691 9723 9722
8159 9702 9703 9735 9734
8160 9703 9704 9736 9735
8161 9704 9705 9737 9736
8162 9705 9706 9738 9737
8163 9706 9707 9739 9738
8164 9707 9708 9740 9739
8165 9708 9709 9741 9740
8166 9709 9710 9742 9741
8167 9710 9711 9743 9742
8168 9711 9712 9744 9743
8169 9712 9713 9745 9744
8170 9713 9714 9746 9745
8171 9714 9715 9747 9746
8172 9715 9716 9748 9747
8173 9716 9717 9749 9748
8174 9717 9718 9750 9749
8175 9718 9719 9751 9750
8176 9719 9720 9752 9751
8177 9720 9721 9753 9752
8178 9721 9722 9754 9753
8179 9722 9723 9755 9754
8190 9734 9735 9767 9766
8191 9735 9736 9768 9767
8192 9736 9737 9769 9768
8193 9737 9738 9770 9769
8194 9738 9739 9771 9770
8195 9739 9740 9772 9771
8196 9740 9741 9773 9772
8197 9741 9742 9774 9773
8198 9742 9743 9775 9774
8199 9743 9744 9776 9775
8200 9744 9745 9777 9776
8201 9745 9746 9778 9777
8202 9746 9747 9779 9778
8203 9747 9748 9780 9779
8204 9748 9749 9781 9780
8205 9749 9750 9782 9781
8206 9750 9751 9783 9782
8207 9751 9752 9784 9783
8208 9752 9753 9785 9784
8209 9753 9754 9786 9785
8210 9754 9755 9787 9786
8221 9766 9767 9799 9798
8222 9767 9768 9800 9799
8223 9768 9769 9801 9800
8224 9769 9770 9802 9801
8225 9770 9771 9803 9802
8226 9771 9772 9804 9803
8227 9772 9773 9805 9804
8228 9773 9774 9806 9805
8229 9774 9775 9807 9806
8230 9775 9776 9808 9807
8231 9776 9777 9809 9808
8232 9777 9778 9810 9809
8233 9778 9779 9811 9810
8234 9779 9780 9812 9811
8235 9780 9781 9813 9812
8236 9781 9782 9814 9813
8237 9782 9783 9815 9814
8238 9783 9784 9816 9815
8239 9784 9785 9817 9816
8240 9785 9786 9818 9817
8241 9786 9787 9819 9818
8252 9798 9799 9831 9830
8253 9799 9800 9832 9831
8254 9800 9801 9833 9832
8255 9801 9802 9834 9833
8256 9802 9803 9835 9834
8257 9803 9804 9836 9835
8258 9804 9805 9837 9836
8259 9805 9806 9838 9837
8260 9806 9807 9839 9838
8261 9807 9808 9840 9839
8262 9808 9809 9841 9840
8263 9809 9810 9842 9841
8264 9810 9811 9843 9842
8265 9811 9812 9844 9843
8266 9812 9813 9845 9844
8267 9813 9814 9846 9845
8268 9814 9815 9847 9846
8269 9815 9816 9848 9847
8270 9816 9817 9849 9848
8271 9817 9818 9850 9849
8272 9818 9819 9851 9850
8283 9830 9831 9863 9862
8284 9831 9832 9864 9863
8285 9832 9833 9865 9864
8286 9833 9834 9866 9865
8287 9834 9835 9867 9866
8288 9835 9836 9868 9867
8289 9836 9837 9869 9868
8290 9837 9838 9870 9869
8291 9838 9839 9871 9870
8292 9839 9840 9872 9871
8293 9840 9841 9873 9872
8294 9841 9842 9874 9873
8295 9842 9843 9875 9874
8296 9843 9844 9876 9875
8297 9844 9845 9877 9876
8298 9845 9846 9878 9877
8299 9846 9847 9879 9878
8300 9847 9848 9880 9879
8301 9848 9849 9881 9880
8302 9849 9850 9882 9881
8303 9850 9851 9883 9882
8315 9863 9864 9896 9895
8316 9864 9865 9897 9896
8317 9865 9866 9898 9897
8318 9866 9867 9899 9898
8319 9867 9868 9900 9899
8320 9868 9869 9901 9900
8321 9869 9870 9902 9901
8322 9870 9871 9903 9902
8323 9871 9872 9904 9903
8324 9872 9873 9905 9904
8325 9873 9874 9906 9905
8326 9874 9875 9907 9906
8327 9875 9876 9908 9907
8328 9876 9877 9909 9908
8329 9877 9878 9910 9909
8330 9878 9879 9911 9910
8331 9879 9880 9912 9911
8332 9880 9881 9913 9912
8333 9881 9882 9914 9913
8346 9895 9896 9928 9927
8347 9896 9897 9929 9928
8348 9897 9898 9930 9929
8349 9898 9899 9931 9930
8350 9899 9900 9932 9931
8351 9900 9901 9933 9932
8352 9901 9902 9934 9933
8353 9902 9903 9935 9934
8354 9903 9904 9936 9935
8355 9904 9905 9937 9936
8356 9905 9906 9938 9937
8357 9906 9907 9939 9938
8358 9907 9908 9940 9939
8359 9908 9909 9941 9940
8360 9909 9910 9942 9941
8361 9910 9911 9943 9942
8362 9911 9912 9944 9943
8363 9912 9913 9945 9944
8364 9913 9914 9946 9945
8378 9928 9929 9961 9960
8379 9929 9930 9962 9961
8380 9930 9931 9963 9962
8381 9931 9932 9964 9963
8382 9932 9933 9965 9964
8383 9933 9934 9966 9965
8384 9934 9935 9967 9966
8385 9935 9936 9968 9967
8386 9936 9937 9969 9968
8387 9937 9938 9970 9969
8388 9938 9939 9971 9970
8389 9939 9940 9972 9971
8390 9940 9941 9973 9972
8391 9941 9942 9974 9973
8392 9942 9943 9975 9974
8393 9943 9944 9976 9975
8394 9944 9945 9977 9976
8410 9961 9962 9994 9993
8411 9962 9963 9995 9994
8412 9963 9964 9996 9995
8413 9964 9965 9997 9996
8414 9965 9966 9998 9997
8415 9966 9967 9999 9998
8416 9967 9968 10000 9999
8417 9968 9969 10001 10000
8418 9969 9970 10002 10001
8419 9970 9971 10003 10002
8420 9971 9972 10004 10003
8421 9972 9973 10005 10004
8422 9973 9974 10006 10005
8423 9974 9975 10007 10006
8424 9975 9976 10008 10007
8442 9994 9995 10027 10026
8443 9995 9996 10028 10027
8444 9996 9997 10029 10028
8445 9997 9998 10030 10029
8446 9998 9999 10031 10030
8447 9999 10000 10032 10031
8448 10000 10001 10033 10032
8449 10001 10002 10034 10033
8450 10002 10003 10035 10034
8451 10003 10004 10036 10035
8452 10004 10005 10037 10036
8453 10005 10006 10038 10037
8454 10006 10007 10039 10038
8475 10028 10029 10061 10060
8476 10029 10030 10062 10061
8477 10030 10031 10063 10062
8478 10031 10032 10064 10063
8479 10032 10033 10065 10064
8480 10033 10034 10066 10065
8481 10034 10035 10067 10066
8482 10035 10036 10068 10067
8483 10036 10037 10069 10068
