373  
167
168
169
170
171
172
173
174
175
196
197
198
199
200
201
202
203
204
205
206
207
208
226
227
228
229
230
231
232
233
234
235
236
237
238
239
240
256
257
258
259
260
261
262
263
264
265
266
267
268
269
270
271
272
286
287
288
289
290
291
292
293
294
295
296
297
298
299
300
301
302
303
304
317
318
319
320
321
322
323
324
325
326
327
328
329
330
331
332
333
334
335
347
348
349
350
351
352
353
354
355
356
357
358
359
360
361
362
363
364
365
366
367
378
379
380
381
382
383
384
385
386
387
388
389
390
391
392
393
394
395
396
397
398
409
410
411
412
413
414
415
416
417
418
419
420
421
422
423
424
425
426
427
428
429
440
441
442
443
444
445
446
447
448
449
450
451
452
453
454
455
456
457
458
459
460
471
472
473
474
475
476
477
478
479
480
481
482
483
484
485
486
487
488
489
490
491
502
503
504
505
506
507
508
509
510
511
512
513
514
515
516
517
518
519
520
521
522
533
534
535
536
537
538
539
540
541
542
543
544
545
546
547
548
549
550
551
552
553
564
565
566
567
568
569
570
571
572
573
574
575
576
577
578
579
580
581
582
583
584
595
596
597
598
599
600
601
602
603
604
605
606
607
608
609
610
611
612
613
614
615
627
628
629
630
631
632
633
634
635
636
637
638
639
640
641
642
643
644
645
658
659
660
661
662
663
664
665
666
667
668
669
670
671
672
673
674
675
676
690
691
692
693
694
695
696
697
698
699
700
701
702
703
704
705
706
722
723
724
725
726
727
728
729
730
731
732
733
734
735
736
754
755
756
757
758
759
760
761
762
763
764
765
766
787
788
789
790
791
792
793
794
795
