4160
26	14	0.1310328827
26	14	0.09783788574
26	14	0.07327734211
26	14	0.05459703445
26	14	0.04005936256
26	14	0.02852416494
26	14	0.01921815613
26	14	0.01160186982
26	14	0.005289678079
26	14	0
28	14	0.1731105042
28	14	0.1292558431
28	14	0.09680835356
28	14	0.07212937673
28	14	0.05292332967
28	14	0.03768391927
28	14	0.02538954061
28	14	0.01532749255
28	14	0.006988313316
28	14	0
30	14	0.2371293716
30	14	0.1770565975
30	14	0.1326095384
30	14	0.09880390485
30	14	0.07249517279
30	14	0.05161999927
30	14	0.03477897451
30	14	0.02099582978
30	14	0.009572696664
30	14	0
32	14	0.27060672
32	14	0.2020530176
32	14	0.1513310307
32	14	0.1127528
32	14	0.08272986508
32	14	0.0589075853
32	14	0.0396889856
32	14	0.02395997
32	14	0.01092414671
32	14	0
34	14	0.2857839813
34	14	0.2133853727
34	14	0.1598185901
34	14	0.1190766589
34	14	0.08736985622
34	14	0.06221147893
34	14	0.04191498393
34	14	0.02530379001
34	14	0.01153683892
34	14	0
36	14	0.2857839813
36	14	0.2133853727
36	14	0.1598185901
36	14	0.1190766589
36	14	0.08736985622
36	14	0.06221147893
36	14	0.04191498393
36	14	0.02530379001
36	14	0.01153683892
36	14	0
38	14	0.27060672
38	14	0.2020530176
38	14	0.1513310307
38	14	0.1127528
38	14	0.08272986508
38	14	0.0589075853
38	14	0.0396889856
38	14	0.02395997
38	14	0.01092414671
38	14	0
40	14	0.2371293716
40	14	0.1770565975
40	14	0.1326095384
40	14	0.09880390485
40	14	0.07249517279
40	14	0.05161999927
40	14	0.03477897451
40	14	0.02099582978
40	14	0.009572696664
40	14	0
42	14	0.1731105042
42	14	0.1292558431
42	14	0.09680835356
42	14	0.07212937673
42	14	0.05292332967
42	14	0.03768391927
42	14	0.02538954061
42	14	0.01532749255
42	14	0.006988313316
42	14	0
44	14	0.1310328827
44	14	0.09783788574
44	14	0.07327734211
44	14	0.05459703445
44	14	0.04005936256
44	14	0.02852416494
44	14	0.01921815613
44	14	0.01160186982
44	14	0.005289678079
44	14	0
22	16	0.1140494843
22	16	0.08515694824
22	16	0.06377973913
22	16	0.04752061844
22	16	0.03486719933
22	16	0.02482709861
22	16	0.01672725769
22	16	0.01009813142
22	16	0.004604073759
22	16	0
24	16	0.1782610016
24	16	0.1331015479
24	16	0.09968865929
24	16	0.07427541733
24	16	0.05449793934
24	16	0.03880511599
24	16	0.0261449469
24	16	0.01578352618
24	16	0.007196234205
24	16	0
26	16	0.2279178467
26	16	0.1701786589
26	16	0.1274581897
26	16	0.09496576945
26	16	0.06967902611
26	16	0.04961476935
26	16	0.03342795085
26	16	0.02018022601
26	16	0.009200835794
26	16	0
28	16	0.2526434937
28	16	0.1886404753
28	16	0.1412854799
28	16	0.1052681224
28	16	0.07723814895
28	16	0.05499722311
28	16	0.03705437907
28	16	0.022369476
28	16	0.01019898763
28	16	0
30	16	0.3026817741
30	16	0.2260023914
30	16	0.16926832
30	16	0.1261174059
30	16	0.09253584811
30	16	0.06588991002
30	16	0.04439332687
30	16	0.02679994875
30	16	0.01221898742
30	16	0
32	16	0.3304836655
32	16	0.2467611369
32	16	0.1848159341
32	16	0.1377015273
32	16	0.1010354401
32	16	0.07194202241
32	16	0.0484709376
32	16	0.02926157455
32	16	0.01334132444
32	16	0
34	16	0.3433684769
34	16	0.2563817961
34	16	0.1920214898
34	16	0.1430701987
34	16	0.1049745837
34	16	0.07474687932
34	16	0.05036070994
34	16	0.03040241722
34	16	0.01386147254
34	16	0
36	16	0.3433684769
36	16	0.2563817961
36	16	0.1920214898
36	16	0.1430701987
36	16	0.1049745837
36	16	0.07474687932
36	16	0.05036070994
36	16	0.03040241722
36	16	0.01386147254
36	16	0
38	16	0.3304836655
38	16	0.2467611369
38	16	0.1848159341
38	16	0.1377015273
38	16	0.1010354401
38	16	0.07194202241
38	16	0.0484709376
38	16	0.02926157455
38	16	0.01334132444
38	16	0
40	16	0.3026817741
40	16	0.2260023914
40	16	0.16926832
40	16	0.1261174059
40	16	0.09253584811
40	16	0.06588991002
40	16	0.04439332687
40	16	0.02679994875
40	16	0.01221898742
40	16	0
42	16	0.2526434937
42	16	0.1886404753
42	16	0.1412854799
42	16	0.1052681224
42	16	0.07723814895
42	16	0.05499722311
42	16	0.03705437907
42	16	0.022369476
42	16	0.01019898763
42	16	0
44	16	0.2279178467
44	16	0.1701786589
44	16	0.1274581897
44	16	0.09496576945
44	16	0.06967902611
44	16	0.04961476935
44	16	0.03342795085
44	16	0.02018022601
44	16	0.009200835794
44	16	0
46	16	0.1782610016
46	16	0.1331015479
46	16	0.09968865929
46	16	0.07427541733
46	16	0.05449793934
46	16	0.03880511599
46	16	0.0261449469
46	16	0.01578352618
46	16	0.007196234205
46	16	0
48	16	0.1140494843
48	16	0.08515694824
48	16	0.06377973913
48	16	0.04752061844
48	16	0.03486719933
48	16	0.02482709861
48	16	0.01672725769
48	16	0.01009813142
48	16	0.004604073759
48	16	0
20	18	0.1722109375
20	18	0.1285841667
20	18	0.09630529012
20	18	0.07175455729
20	18	0.05264831423
20	18	0.03748809524
20	18	0.02525760417
20	18	0.01524784342
20	18	0.00695199863
20	18	0
22	18	0.1918951874
22	18	0.1432817399
22	18	0.1073132866
22	18	0.07995632807
22	18	0.05866618155
22	18	0.04177310201
22	18	0.02814462748
22	18	0.01699071972
22	18	0.007746633862
22	18	0
24	18	0.2514703064
24	18	0.1877644954
24	18	0.1406294
24	18	0.1047792943
24	18	0.07687948223
24	18	0.05474183541
24	18	0.0368823116
24	18	0.02226560005
24	18	0.01015162713
24	18	0
26	18	0.3303319054
26	18	0.2466478227
26	18	0.1847310655
26	18	0.1376382939
26	18	0.100989044
26	18	0.0719089862
26	18	0.04844867945
26	18	0.02924813745
26	18	0.01333519803
26	18	0
28	18	0.3789784775
28	18	0.2829705965
28	18	0.2119356224
28	18	0.1579076989
28	18	0.1158612702
28	18	0.08249871619
28	18	0.05558351003
28	18	0.03355538603
28	18	0.01529901582
28	18	0
30	18	0.4112869186
30	18	0.3070942326
30	18	0.2300034283
30	18	0.1713695494
30	18	0.1257386043
30	18	0.08953184623
30	18	0.0603220814
30	18	0.03641602925
30	18	0.01660327815
30	18	0
32	18	0.4313800735
32	18	0.3220971216
32	18	0.2412400962
32	18	0.1797416973
32	18	0.1318814821
32	18	0.09390586635
32	18	0.06326907745
32	18	0.03819511068
32	18	0.0174144205
32	18	0
34	18	0.4410616989
34	18	0.3293260685
34	18	0.2466543385
34	18	0.1837757079
34	18	0.1348413478
34	18	0.09601343106
34	18	0.06468904917
34	18	0.03905233792
34	18	0.0178052589
34	18	0
36	18	0.4410616989
36	18	0.3293260685
36	18	0.2466543385
36	18	0.1837757079
36	18	0.1348413478
36	18	0.09601343106
36	18	0.06468904917
36	18	0.03905233792
36	18	0.0178052589
36	18	0
38	18	0.4313800735
38	18	0.3220971216
38	18	0.2412400962
38	18	0.1797416973
38	18	0.1318814821
38	18	0.09390586635
38	18	0.06326907745
38	18	0.03819511068
38	18	0.0174144205
38	18	0
40	18	0.4112869186
40	18	0.3070942326
40	18	0.2300034283
40	18	0.1713695494
40	18	0.1257386043
40	18	0.08953184623
40	18	0.0603220814
40	18	0.03641602925
40	18	0.01660327815
40	18	0
42	18	0.3789784775
42	18	0.2829705965
42	18	0.2119356224
42	18	0.1579076989
42	18	0.1158612702
42	18	0.08249871619
42	18	0.05558351003
42	18	0.03355538603
42	18	0.01529901582
42	18	0
44	18	0.3303319054
44	18	0.2466478227
44	18	0.1847310655
44	18	0.1376382939
44	18	0.100989044
44	18	0.0719089862
44	18	0.04844867945
44	18	0.02924813745
44	18	0.01333519803
44	18	0
46	18	0.2514703064
46	18	0.1877644954
46	18	0.1406294
46	18	0.1047792943
46	18	0.07687948223
46	18	0.05474183541
46	18	0.0368823116
46	18	0.02226560005
46	18	0.01015162713
46	18	0
48	18	0.1918951874
48	18	0.1432817399
48	18	0.1073132866
48	18	0.07995632807
48	18	0.05866618155
48	18	0.04177310201
48	18	0.02814462748
48	18	0.01699071972
48	18	0.007746633862
48	18	0
50	18	0.1722109375
50	18	0.1285841667
50	18	0.09630529012
50	18	0.07175455729
50	18	0.05264831423
50	18	0.03748809524
50	18	0.02525760417
50	18	0.01524784342
50	18	0.00695199863
50	18	0
18	20	0.1722109375
18	20	0.1285841667
18	20	0.09630529012
18	20	0.07175455729
18	20	0.05264831423
18	20	0.03748809524
18	20	0.02525760417
18	20	0.01524784342
18	20	0.00695199863
18	20	0
20	20	0.2159626058
20	20	0.161252079
20	20	0.1207724765
20	20	0.08998441908
20	20	0.0660240708
20	20	0.04701226793
20	20	0.03167451552
20	20	0.01912168905
20	20	0.008718213613
20	20	0
22	20	0.2868663864
22	20	0.2141935685
22	20	0.160423902
22	20	0.119527661
22	20	0.08770076902
22	20	0.06244710453
22	20	0.04207373667
22	20	0.02539962796
22	20	0.01158053463
22	20	0
24	20	0.3674716339
24	20	0.27437882
24	20	0.2055006658
24	20	0.1531131808
24	20	0.1123433989
24	20	0.07999382507
24	20	0.05389583964
24	20	0.03253655092
24	20	0.01483449503
24	20	0
26	20	0.4214446411
26	20	0.3146786654
26	20	0.2356839178
26	20	0.1756019338
26	20	0.1288440224
26	20	0.09174305113
26	20	0.0618118807
26	20	0.03731541093
26	20	0.01701333615
26	20	0
28	20	0.4597702789
28	20	0.3432951416
28	20	0.2571167125
28	20	0.1915709496
28	20	0.1405609334
28	20	0.1000860471
28	20	0.06743297424
28	20	0.04070882678
28	20	0.01856050722
28	20	0
30	20	0.4864428329
30	20	0.3632106486
30	20	0.2720327688
30	20	0.2026845137
30	20	0.1487152645
30	20	0.1058923174
30	20	0.07134494883
30	20	0.04307045917
30	20	0.01963725393
30	20	0
32	20	0.5034102783
32	20	0.3758796745
32	20	0.2815214504
32	20	0.2097542826
32	20	0.1539025506
32	20	0.1095859109
32	20	0.07383350749
32	20	0.04457278506
32	20	0.02032221423
32	20	0
34	20	0.511676033
34	20	0.382051438
34	20	0.2861438973
34	20	0.2131983471
34	20	0.1564295564
34	20	0.1113852589
34	20	0.07504581818
34	20	0.04530464876
34	20	0.02065589522
34	20	0
36	20	0.511676033
36	20	0.382051438
36	20	0.2861438973
36	20	0.2131983471
36	20	0.1564295564
36	20	0.1113852589
36	20	0.07504581818
36	20	0.04530464876
36	20	0.02065589522
36	20	0
38	20	0.5034102783
38	20	0.3758796745
38	20	0.2815214504
38	20	0.2097542826
38	20	0.1539025506
38	20	0.1095859109
38	20	0.07383350749
38	20	0.04457278506
38	20	0.02032221423
38	20	0
40	20	0.4864428329
40	20	0.3632106486
40	20	0.2720327688
40	20	0.2026845137
40	20	0.1487152645
40	20	0.1058923174
40	20	0.07134494883
40	20	0.04307045917
40	20	0.01963725393
40	20	0
42	20	0.4597702789
42	20	0.3432951416
42	20	0.2571167125
42	20	0.1915709496
42	20	0.1405609334
42	20	0.1000860471
42	20	0.06743297424
42	20	0.04070882678
42	20	0.01856050722
42	20	0
44	20	0.4214446411
44	20	0.3146786654
44	20	0.2356839178
44	20	0.1756019338
44	20	0.1288440224
44	20	0.09174305113
44	20	0.0618118807
44	20	0.03731541093
44	20	0.01701333615
44	20	0
46	20	0.3674716339
46	20	0.27437882
46	20	0.2055006658
46	20	0.1531131808
46	20	0.1123433989
46	20	0.07999382507
46	20	0.05389583964
46	20	0.03253655092
46	20	0.01483449503
46	20	0
48	20	0.2868663864
48	20	0.2141935685
48	20	0.160423902
48	20	0.119527661
48	20	0.08770076902
48	20	0.06244710453
48	20	0.04207373667
48	20	0.02539962796
48	20	0.01158053463
48	20	0
50	20	0.2159626058
50	20	0.161252079
50	20	0.1207724765
50	20	0.08998441908
50	20	0.0660240708
50	20	0.04701226793
50	20	0.03167451552
50	20	0.01912168905
50	20	0.008718213613
50	20	0
52	20	0.1722109375
52	20	0.1285841667
52	20	0.09630529012
52	20	0.07175455729
52	20	0.05264831423
52	20	0.03748809524
52	20	0.02525760417
52	20	0.01524784342
52	20	0.00695199863
52	20	0
16	22	0.1140494843
16	22	0.08515694824
16	22	0.06377973913
16	22	0.04752061844
16	22	0.03486719933
16	22	0.02482709861
16	22	0.01672725769
16	22	0.01009813142
16	22	0.004604073759
16	22	0
18	22	0.1918951874
18	22	0.1432817399
18	22	0.1073132866
18	22	0.07995632807
18	22	0.05866618155
18	22	0.04177310201
18	22	0.02814462748
18	22	0.01699071972
18	22	0.007746633862
18	22	0
20	22	0.2868663864
20	22	0.2141935685
20	22	0.160423902
20	22	0.119527661
20	22	0.08770076902
20	22	0.06244710453
20	22	0.04207373667
20	22	0.02539962796
20	22	0.01158053463
20	22	0
22	22	0.3789388657
22	22	0.2829410197
22	22	0.2119134703
22	22	0.157891194
22	22	0.1158491601
22	22	0.08249009321
22	22	0.0555777003
22	22	0.03355187873
22	22	0.01529741672
22	22	0
24	22	0.4410430603
24	22	0.3293121517
24	22	0.2466439153
24	22	0.1837679418
24	22	0.1348356496
24	22	0.09600937367
24	22	0.06468631551
24	22	0.03905068763
24	22	0.01780450647
24	22	0
26	22	0.4864391098
26	22	0.3632078687
26	22	0.2720306867
26	22	0.2026829624
26	22	0.1487141263
26	22	0.1058915069
26	22	0.07134440277
26	22	0.04307012951
26	22	0.01963710363
26	22	0
28	22	0.5198035049
28	22	0.3881199504
28	22	0.2906890124
28	22	0.2165847937
28	22	0.1589142865
28	22	0.1131545045
28	22	0.07623784739
28	22	0.04602426867
28	22	0.02098399386
28	22	0
30	22	0.5434459763
30	22	0.4057729956
30	22	0.3039105597
30	22	0.2264358234
30	22	0.166142261
30	22	0.1183011649
30	22	0.07970540985
30	22	0.04811761248
30	22	0.02193841888
30	22	0
32	22	0.5586387024
32	22	0.4171168978
32	22	0.3124067675
32	22	0.232766126
32	22	0.17078698
32	22	0.121608425
32	22	0.08193367635
32	22	0.04946280177
32	22	0.02255173539
32	22	0
34	22	0.5660788727
34	22	0.4226722249
34	22	0.3165675238
34	22	0.235866197
34	22	0.1730615883
34	22	0.1232280539
34	22	0.08302490133
34	22	0.05012156685
34	22	0.02285208829
34	22	0
36	22	0.5660788727
36	22	0.4226722249
36	22	0.3165675238
36	22	0.235866197
36	22	0.1730615883
36	22	0.1232280539
36	22	0.08302490133
36	22	0.05012156685
36	22	0.02285208829
36	22	0
38	22	0.5586387024
38	22	0.4171168978
38	22	0.3124067675
38	22	0.232766126
38	22	0.17078698
38	22	0.121608425
38	22	0.08193367635
38	22	0.04946280177
38	22	0.02255173539
38	22	0
40	22	0.5434459763
40	22	0.4057729956
40	22	0.3039105597
40	22	0.2264358234
40	22	0.166142261
40	22	0.1183011649
40	22	0.07970540985
40	22	0.04811761248
40	22	0.02193841888
40	22	0
42	22	0.5198035049
42	22	0.3881199504
42	22	0.2906890124
42	22	0.2165847937
42	22	0.1589142865
42	22	0.1131545045
42	22	0.07623784739
42	22	0.04602426867
42	22	0.02098399386
42	22	0
44	22	0.4864391098
44	22	0.3632078687
44	22	0.2720306867
44	22	0.2026829624
44	22	0.1487141263
44	22	0.1058915069
44	22	0.07134440277
44	22	0.04307012951
44	22	0.01963710363
44	22	0
46	22	0.4410430603
46	22	0.3293121517
46	22	0.2466439153
46	22	0.1837679418
46	22	0.1348356496
46	22	0.09600937367
46	22	0.06468631551
46	22	0.03905068763
46	22	0.01780450647
46	22	0
48	22	0.3789388657
48	22	0.2829410197
48	22	0.2119134703
48	22	0.157891194
48	22	0.1158491601
48	22	0.08249009321
48	22	0.0555777003
48	22	0.03355187873
48	22	0.01529741672
48	22	0
50	22	0.2868663864
50	22	0.2141935685
50	22	0.160423902
50	22	0.119527661
50	22	0.08770076902
50	22	0.06244710453
50	22	0.04207373667
50	22	0.02539962796
50	22	0.01158053463
50	22	0
52	22	0.1918951874
52	22	0.1432817399
52	22	0.1073132866
52	22	0.07995632807
52	22	0.05866618155
52	22	0.04177310201
52	22	0.02814462748
52	22	0.01699071972
52	22	0.007746633862
52	22	0
54	22	0.1140494843
54	22	0.08515694824
54	22	0.06377973913
54	22	0.04752061844
54	22	0.03486719933
54	22	0.02482709861
54	22	0.01672725769
54	22	0.01009813142
54	22	0.004604073759
54	22	0
16	24	0.1782610016
16	24	0.1331015479
16	24	0.09968865929
16	24	0.07427541733
16	24	0.05449793934
16	24	0.03880511599
16	24	0.0261449469
16	24	0.01578352618
16	24	0.007196234205
16	24	0
18	24	0.2514703064
18	24	0.1877644954
18	24	0.1406294
18	24	0.1047792943
18	24	0.07687948223
18	24	0.05474183541
18	24	0.0368823116
18	24	0.02226560005
18	24	0.01015162713
18	24	0
20	24	0.3674716339
20	24	0.27437882
20	24	0.2055006658
20	24	0.1531131808
20	24	0.1123433989
20	24	0.07999382507
20	24	0.05389583964
20	24	0.03253655092
20	24	0.01483449503
20	24	0
22	24	0.4410430603
22	24	0.3293121517
22	24	0.2466439153
22	24	0.1837679418
22	24	0.1348356496
22	24	0.09600937367
22	24	0.06468631551
22	24	0.03905068763
22	24	0.01780450647
22	24	0
24	24	0.4949974442
24	24	0.3695980916
24	24	0.2768167525
24	24	0.2062489351
24	24	0.1513305796
24	24	0.1077545457
24	24	0.07259962514
24	24	0.0438278987
24	24	0.01998259578
24	24	0
26	24	0.5356831512
26	24	0.3999767529
26	24	0.2995693656
26	24	0.223201313
26	24	0.1637690107
26	24	0.1166112982
26	24	0.07856686218
26	24	0.04743027902
26	24	0.02162504071
26	24	0
28	24	0.5660779572
28	24	0.4226715413
28	24	0.3165670119
28	24	0.2358658155
28	24	0.1730613084
28	24	0.1232278546
28	24	0.08302476705
28	24	0.05012148579
28	24	0.02285205133
28	24	0
30	24	0.5878229218
30	24	0.4389077816
30	24	0.3287274191
30	24	0.2449262174
30	24	0.1797091773
30	24	0.1279614524
30	24	0.08621402852
30	24	0.0520468212
30	24	0.02372987573
30	24	0
32	24	0.6018757019
32	24	0.4494005241
32	24	0.3365861363
32	24	0.2507815425
32	24	0.1840053921
32	24	0.131020561
32	24	0.08827510295
32	24	0.05329107777
32	24	0.02429717366
32	24	0
34	24	0.6087785187
34	24	0.4545546273
34	24	0.3404463892
34	24	0.2536577161
34	24	0.1861157207
34	24	0.132523215
34	24	0.08928751607
34	24	0.05390226467
34	24	0.02457583409
34	24	0
36	24	0.6087785187
36	24	0.4545546273
36	24	0.3404463892
36	24	0.2536577161
36	24	0.1861157207
36	24	0.132523215
36	24	0.08928751607
36	24	0.05390226467
36	24	0.02457583409
36	24	0
38	24	0.6018757019
38	24	0.4494005241
38	24	0.3365861363
38	24	0.2507815425
38	24	0.1840053921
38	24	0.131020561
38	24	0.08827510295
38	24	0.05329107777
38	24	0.02429717366
38	24	0
40	24	0.5878229218
40	24	0.4389077816
40	24	0.3287274191
40	24	0.2449262174
40	24	0.1797091773
40	24	0.1279614524
40	24	0.08621402852
40	24	0.0520468212
40	24	0.02372987573
40	24	0
42	24	0.5660779572
42	24	0.4226715413
42	24	0.3165670119
42	24	0.2358658155
42	24	0.1730613084
42	24	0.1232278546
42	24	0.08302476705
42	24	0.05012148579
42	24	0.02285205133
42	24	0
44	24	0.5356831512
44	24	0.3999767529
44	24	0.2995693656
44	24	0.223201313
44	24	0.1637690107
44	24	0.1166112982
44	24	0.07856686218
44	24	0.04743027902
44	24	0.02162504071
44	24	0
46	24	0.4949974442
46	24	0.3695980916
46	24	0.2768167525
46	24	0.2062489351
46	24	0.1513305796
46	24	0.1077545457
46	24	0.07259962514
46	24	0.0438278987
46	24	0.01998259578
46	24	0
48	24	0.4410430603
48	24	0.3293121517
48	24	0.2466439153
48	24	0.1837679418
48	24	0.1348356496
48	24	0.09600937367
48	24	0.06468631551
48	24	0.03905068763
48	24	0.01780450647
48	24	0
50	24	0.3674716339
50	24	0.27437882
50	24	0.2055006658
50	24	0.1531131808
50	24	0.1123433989
50	24	0.07999382507
50	24	0.05389583964
50	24	0.03253655092
50	24	0.01483449503
50	24	0
52	24	0.2514703064
52	24	0.1877644954
52	24	0.1406294
52	24	0.1047792943
52	24	0.07687948223
52	24	0.05474183541
52	24	0.0368823116
52	24	0.02226560005
52	24	0.01015162713
52	24	0
54	24	0.1782610016
54	24	0.1331015479
54	24	0.09968865929
54	24	0.07427541733
54	24	0.05449793934
54	24	0.03880511599
54	24	0.0261449469
54	24	0.01578352618
54	24	0.007196234205
54	24	0
14	26	0.1310328827
14	26	0.09783788574
14	26	0.07327734211
14	26	0.05459703445
14	26	0.04005936256
14	26	0.02852416494
14	26	0.01921815613
14	26	0.01160186982
14	26	0.005289678079
14	26	0
16	26	0.2279178467
16	26	0.1701786589
16	26	0.1274581897
16	26	0.09496576945
16	26	0.06967902611
16	26	0.04961476935
16	26	0.03342795085
16	26	0.02018022601
16	26	0.009200835794
16	26	0
18	26	0.3303319054
18	26	0.2466478227
18	26	0.1847310655
18	26	0.1376382939
18	26	0.100989044
18	26	0.0719089862
18	26	0.04844867945
18	26	0.02924813745
18	26	0.01333519803
18	26	0
20	26	0.4214446411
20	26	0.3146786654
20	26	0.2356839178
20	26	0.1756019338
20	26	0.1288440224
20	26	0.09174305113
20	26	0.0618118807
20	26	0.03731541093
20	26	0.01701333615
20	26	0
22	26	0.4864391098
22	26	0.3632078687
22	26	0.2720306867
22	26	0.2026829624
22	26	0.1487141263
22	26	0.1058915069
22	26	0.07134440277
22	26	0.04307012951
22	26	0.01963710363
22	26	0
24	26	0.5356831512
24	26	0.3999767529
24	26	0.2995693656
24	26	0.223201313
24	26	0.1637690107
24	26	0.1166112982
24	26	0.07856686218
24	26	0.04743027902
24	26	0.02162504071
24	26	0
26	26	0.5734194489
26	26	0.4281531885
26	26	0.3206725843
26	26	0.2389247704
26	26	0.1753057487
26	26	0.1248260025
26	26	0.08410151917
26	26	0.0507715137
26	26	0.02314842066
26	26	0
28	26	0.601875412
28	26	0.4494003076
28	26	0.3365859742
28	26	0.2507814217
28	26	0.1840053035
28	26	0.1310204978
28	26	0.08827506042
28	26	0.0532910521
28	26	0.02429716196
28	26	0
30	26	0.6223507996
30	26	0.464688597
30	26	0.3480363976
30	26	0.2593128332
30	26	0.1902650373
30	26	0.1354777251
30	26	0.09127811727
30	26	0.05510397704
30	26	0.0251237347
30	26	0
32	26	0.6356296997
32	26	0.4746035091
32	26	0.355462339
32	26	0.2648457082
32	26	0.1943246616
32	26	0.13836837
32	26	0.09322568929
32	26	0.05627971299
32	26	0.0256597918
32	26	0
34	26	0.6421648712
34	26	0.4794831038
34	26	0.3591169941
34	26	0.2675686963
34	26	0.1963225938
34	26	0.1397909924
34	26	0.09418418111
34	26	0.05685834797
34	26	0.02592361072
34	26	0
36	26	0.6421648712
36	26	0.4794831038
36	26	0.3591169941
36	26	0.2675686963
36	26	0.1963225938
36	26	0.1397909924
36	26	0.09418418111
36	26	0.05685834797
36	26	0.02592361072
36	26	0
38	26	0.6356296997
38	26	0.4746035091
38	26	0.355462339
38	26	0.2648457082
38	26	0.1943246616
38	26	0.13836837
38	26	0.09322568929
38	26	0.05627971299
38	26	0.0256597918
38	26	0
40	26	0.6223507996
40	26	0.464688597
40	26	0.3480363976
40	26	0.2593128332
40	26	0.1902650373
40	26	0.1354777251
40	26	0.09127811727
40	26	0.05510397704
40	26	0.0251237347
40	26	0
42	26	0.601875412
42	26	0.4494003076
42	26	0.3365859742
42	26	0.2507814217
42	26	0.1840053035
42	26	0.1310204978
42	26	0.08827506042
42	26	0.0532910521
42	26	0.02429716196
42	26	0
44	26	0.5734194489
44	26	0.4281531885
44	26	0.3206725843
44	26	0.2389247704
44	26	0.1753057487
44	26	0.1248260025
44	26	0.08410151917
44	26	0.0507715137
44	26	0.02314842066
44	26	0
46	26	0.5356831512
46	26	0.3999767529
46	26	0.2995693656
46	26	0.223201313
46	26	0.1637690107
46	26	0.1166112982
46	26	0.07856686218
46	26	0.04743027902
46	26	0.02162504071
46	26	0
48	26	0.4864391098
48	26	0.3632078687
48	26	0.2720306867
48	26	0.2026829624
48	26	0.1487141263
48	26	0.1058915069
48	26	0.07134440277
48	26	0.04307012951
48	26	0.01963710363
48	26	0
50	26	0.4214446411
50	26	0.3146786654
50	26	0.2356839178
50	26	0.1756019338
50	26	0.1288440224
50	26	0.09174305113
50	26	0.0618118807
50	26	0.03731541093
50	26	0.01701333615
50	26	0
52	26	0.3303319054
52	26	0.2466478227
52	26	0.1847310655
52	26	0.1376382939
52	26	0.100989044
52	26	0.0719089862
52	26	0.04844867945
52	26	0.02924813745
52	26	0.01333519803
52	26	0
54	26	0.2279178467
54	26	0.1701786589
54	26	0.1274581897
54	26	0.09496576945
54	26	0.06967902611
54	26	0.04961476935
54	26	0.03342795085
54	26	0.02018022601
54	26	0.009200835794
54	26	0
56	26	0.1310328827
56	26	0.09783788574
56	26	0.07327734211
56	26	0.05459703445
56	26	0.04005936256
56	26	0.02852416494
56	26	0.01921815613
56	26	0.01160186982
56	26	0.005289678079
56	26	0
14	28	0.1731105042
14	28	0.1292558431
14	28	0.09680835356
14	28	0.07212937673
14	28	0.05292332967
14	28	0.03768391927
14	28	0.02538954061
14	28	0.01532749255
14	28	0.006988313316
14	28	0
16	28	0.2526434937
16	28	0.1886404753
16	28	0.1412854799
16	28	0.1052681224
16	28	0.07723814895
16	28	0.05499722311
16	28	0.03705437907
16	28	0.022369476
16	28	0.01019898763
16	28	0
18	28	0.3789784775
18	28	0.2829705965
18	28	0.2119356224
18	28	0.1579076989
18	28	0.1158612702
18	28	0.08249871619
18	28	0.05558351003
18	28	0.03355538603
18	28	0.01529901582
18	28	0
20	28	0.4597702789
20	28	0.3432951416
20	28	0.2571167125
20	28	0.1915709496
20	28	0.1405609334
20	28	0.1000860471
20	28	0.06743297424
20	28	0.04070882678
20	28	0.01856050722
20	28	0
22	28	0.5198035049
22	28	0.3881199504
22	28	0.2906890124
22	28	0.2165847937
22	28	0.1589142865
22	28	0.1131545045
22	28	0.07623784739
22	28	0.04602426867
22	28	0.02098399386
22	28	0
24	28	0.5660779572
24	28	0.4226715413
24	28	0.3165670119
24	28	0.2358658155
24	28	0.1730613084
24	28	0.1232278546
24	28	0.08302476705
24	28	0.05012148579
24	28	0.02285205133
24	28	0
26	28	0.601875412
26	28	0.4494003076
26	28	0.3365859742
26	28	0.2507814217
26	28	0.1840053035
26	28	0.1310204978
26	28	0.08827506042
26	28	0.0532910521
26	28	0.02429716196
26	28	0
28	28	0.6290256958
28	28	0.4696725195
28	28	0.3517691908
28	28	0.2620940399
28	28	0.1923056861
28	28	0.1369307637
28	28	0.09225710205
28	28	0.05569498348
28	28	0.02539319418
28	28	0
30	28	0.648633316
30	28	0.484312876
30	28	0.3627343338
30	28	0.2702638817
30	28	0.1983001262
30	28	0.1411990892
30	28	0.09513288635
30	28	0.05743107486
30	28	0.02618473594
30	28	0
32	28	0.6613784332
32	28	0.4938292301
32	28	0.3698617684
32	28	0.2755743472
32	28	0.2021965624
32	28	0.1439735365
32	28	0.09700217021
32	28	0.05855954878
32	28	0.02669924471
32	28	0
34	28	0.6676587677
34	28	0.4985185465
34	28	0.3733739114
34	28	0.2781911532
34	28	0.2041165858
34	28	0.1453406841
34	28	0.09792328593
34	28	0.05911562006
34	28	0.02695277609
34	28	0
36	28	0.6676587677
36	28	0.4985185465
36	28	0.3733739114
36	28	0.2781911532
36	28	0.2041165858
36	28	0.1453406841
36	28	0.09792328593
36	28	0.05911562006
36	28	0.02695277609
36	28	0
38	28	0.6613784332
38	28	0.4938292301
38	28	0.3698617684
38	28	0.2755743472
38	28	0.2021965624
38	28	0.1439735365
38	28	0.09700217021
38	28	0.05855954878
38	28	0.02669924471
38	28	0
40	28	0.648633316
40	28	0.484312876
40	28	0.3627343338
40	28	0.2702638817
40	28	0.1983001262
40	28	0.1411990892
40	28	0.09513288635
40	28	0.05743107486
40	28	0.02618473594
40	28	0
42	28	0.6290256958
42	28	0.4696725195
42	28	0.3517691908
42	28	0.2620940399
42	28	0.1923056861
42	28	0.1369307637
42	28	0.09225710205
42	28	0.05569498348
42	28	0.02539319418
42	28	0
44	28	0.601875412
44	28	0.4494003076
44	28	0.3365859742
44	28	0.2507814217
44	28	0.1840053035
44	28	0.1310204978
44	28	0.08827506042
44	28	0.0532910521
44	28	0.02429716196
44	28	0
46	28	0.5660779572
46	28	0.4226715413
46	28	0.3165670119
46	28	0.2358658155
46	28	0.1730613084
46	28	0.1232278546
46	28	0.08302476705
46	28	0.05012148579
46	28	0.02285205133
46	28	0
48	28	0.5198035049
48	28	0.3881199504
48	28	0.2906890124
48	28	0.2165847937
48	28	0.1589142865
48	28	0.1131545045
48	28	0.07623784739
48	28	0.04602426867
48	28	0.02098399386
48	28	0
50	28	0.4597702789
50	28	0.3432951416
50	28	0.2571167125
50	28	0.1915709496
50	28	0.1405609334
50	28	0.1000860471
50	28	0.06743297424
50	28	0.04070882678
50	28	0.01856050722
50	28	0
52	28	0.3789784775
52	28	0.2829705965
52	28	0.2119356224
52	28	0.1579076989
52	28	0.1158612702
52	28	0.08249871619
52	28	0.05558351003
52	28	0.03355538603
52	28	0.01529901582
52	28	0
54	28	0.2526434937
54	28	0.1886404753
54	28	0.1412854799
54	28	0.1052681224
54	28	0.07723814895
54	28	0.05499722311
54	28	0.03705437907
54	28	0.022369476
54	28	0.01019898763
54	28	0
56	28	0.1731105042
56	28	0.1292558431
56	28	0.09680835356
56	28	0.07212937673
56	28	0.05292332967
56	28	0.03768391927
56	28	0.02538954061
56	28	0.01532749255
56	28	0.006988313316
56	28	0
14	30	0.2371293716
14	30	0.1770565975
14	30	0.1326095384
14	30	0.09880390485
14	30	0.07249517279
14	30	0.05161999927
14	30	0.03477897451
14	30	0.02099582978
14	30	0.009572696664
14	30	0
16	30	0.3026817741
16	30	0.2260023914
16	30	0.16926832
16	30	0.1261174059
16	30	0.09253584811
16	30	0.06588991002
16	30	0.04439332687
16	30	0.02679994875
16	30	0.01221898742
16	30	0
18	30	0.4112869186
18	30	0.3070942326
18	30	0.2300034283
18	30	0.1713695494
18	30	0.1257386043
18	30	0.08953184623
18	30	0.0603220814
18	30	0.03641602925
18	30	0.01660327815
18	30	0
20	30	0.4864428329
20	30	0.3632106486
20	30	0.2720327688
20	30	0.2026845137
20	30	0.1487152645
20	30	0.1058923174
20	30	0.07134494883
20	30	0.04307045917
20	30	0.01963725393
20	30	0
22	30	0.5434459763
22	30	0.4057729956
22	30	0.3039105597
22	30	0.2264358234
22	30	0.166142261
22	30	0.1183011649
22	30	0.07970540985
22	30	0.04811761248
22	30	0.02193841888
22	30	0
24	30	0.5878229218
24	30	0.4389077816
24	30	0.3287274191
24	30	0.2449262174
24	30	0.1797091773
24	30	0.1279614524
24	30	0.08621402852
24	30	0.0520468212
24	30	0.02372987573
24	30	0
26	30	0.6223507996
26	30	0.464688597
26	30	0.3480363976
26	30	0.2593128332
26	30	0.1902650373
26	30	0.1354777251
26	30	0.09127811727
26	30	0.05510397704
26	30	0.0251237347
26	30	0
28	30	0.648633316
28	30	0.484312876
28	30	0.3627343338
28	30	0.2702638817
28	30	0.1983001262
28	30	0.1411990892
28	30	0.09513288635
28	30	0.05743107486
28	30	0.02618473594
28	30	0
30	30	0.6676587677
30	30	0.4985185465
30	30	0.3733739114
30	30	0.2781911532
30	30	0.2041165858
30	30	0.1453406841
30	30	0.09792328593
30	30	0.05911562006
30	30	0.02695277609
30	30	0
32	30	0.6800436859
32	30	0.5077659521
32	30	0.3802999125
32	30	0.2833515358
32	30	0.207902902
32	30	0.1480367207
32	30	0.0997397406
32	30	0.06021220136
32	30	0.02745274395
32	30	0
34	30	0.6861515045
34	30	0.5123264567
34	30	0.3837155797
34	30	0.2858964602
34	30	0.2097701838
34	30	0.1493663139
34	30	0.100635554
34	30	0.0607529978
34	30	0.02769931102
34	30	0
36	30	0.6861515045
36	30	0.5123264567
36	30	0.3837155797
36	30	0.2858964602
36	30	0.2097701838
36	30	0.1493663139
36	30	0.100635554
36	30	0.0607529978
36	30	0.02769931102
36	30	0
38	30	0.6800436859
38	30	0.5077659521
38	30	0.3802999125
38	30	0.2833515358
38	30	0.207902902
38	30	0.1480367207
38	30	0.0997397406
38	30	0.06021220136
38	30	0.02745274395
38	30	0
40	30	0.6676587677
40	30	0.4985185465
40	30	0.3733739114
40	30	0.2781911532
40	30	0.2041165858
40	30	0.1453406841
40	30	0.09792328593
40	30	0.05911562006
40	30	0.02695277609
40	30	0
42	30	0.648633316
42	30	0.484312876
42	30	0.3627343338
42	30	0.2702638817
42	30	0.1983001262
42	30	0.1411990892
42	30	0.09513288635
42	30	0.05743107486
42	30	0.02618473594
42	30	0
44	30	0.6223507996
44	30	0.464688597
44	30	0.3480363976
44	30	0.2593128332
44	30	0.1902650373
44	30	0.1354777251
44	30	0.09127811727
44	30	0.05510397704
44	30	0.0251237347
44	30	0
46	30	0.5878229218
46	30	0.4389077816
46	30	0.3287274191
46	30	0.2449262174
46	30	0.1797091773
46	30	0.1279614524
46	30	0.08621402852
46	30	0.0520468212
46	30	0.02372987573
46	30	0
48	30	0.5434459763
48	30	0.4057729956
48	30	0.3039105597
48	30	0.2264358234
48	30	0.166142261
48	30	0.1183011649
48	30	0.07970540985
48	30	0.04811761248
48	30	0.02193841888
48	30	0
50	30	0.4864428329
50	30	0.3632106486
50	30	0.2720327688
50	30	0.2026845137
50	30	0.1487152645
50	30	0.1058923174
50	30	0.07134494883
50	30	0.04307045917
50	30	0.01963725393
50	30	0
52	30	0.4112869186
52	30	0.3070942326
52	30	0.2300034283
52	30	0.1713695494
52	30	0.1257386043
52	30	0.08953184623
52	30	0.0603220814
52	30	0.03641602925
52	30	0.01660327815
52	30	0
54	30	0.3026817741
54	30	0.2260023914
54	30	0.16926832
54	30	0.1261174059
54	30	0.09253584811
54	30	0.06588991002
54	30	0.04439332687
54	30	0.02679994875
54	30	0.01221898742
54	30	0
56	30	0.2371293716
56	30	0.1770565975
56	30	0.1326095384
56	30	0.09880390485
56	30	0.07249517279
56	30	0.05161999927
56	30	0.03477897451
56	30	0.02099582978
56	30	0.009572696664
56	30	0
14	32	0.27060672
14	32	0.2020530176
14	32	0.1513310307
14	32	0.1127528
14	32	0.08272986508
14	32	0.0589075853
14	32	0.0396889856
14	32	0.02395997
14	32	0.01092414671
14	32	0
16	32	0.3304836655
16	32	0.2467611369
16	32	0.1848159341
16	32	0.1377015273
16	32	0.1010354401
16	32	0.07194202241
16	32	0.0484709376
16	32	0.02926157455
16	32	0.01334132444
16	32	0
18	32	0.4313800735
18	32	0.3220971216
18	32	0.2412400962
18	32	0.1797416973
18	32	0.1318814821
18	32	0.09390586635
18	32	0.06326907745
18	32	0.03819511068
18	32	0.0174144205
18	32	0
20	32	0.5034102783
20	32	0.3758796745
20	32	0.2815214504
20	32	0.2097542826
20	32	0.1539025506
20	32	0.1095859109
20	32	0.07383350749
20	32	0.04457278506
20	32	0.02032221423
20	32	0
22	32	0.5586387024
22	32	0.4171168978
22	32	0.3124067675
22	32	0.232766126
22	32	0.17078698
22	32	0.121608425
22	32	0.08193367635
22	32	0.04946280177
22	32	0.02255173539
22	32	0
24	32	0.6018757019
24	32	0.4494005241
24	32	0.3365861363
24	32	0.2507815425
24	32	0.1840053921
24	32	0.131020561
24	32	0.08827510295
24	32	0.05329107777
24	32	0.02429717366
24	32	0
26	32	0.6356296997
26	32	0.4746035091
26	32	0.355462339
26	32	0.2648457082
26	32	0.1943246616
26	32	0.13836837
26	32	0.09322568929
26	32	0.05627971299
26	32	0.0256597918
26	32	0
28	32	0.6613784332
28	32	0.4938292301
28	32	0.3698617684
28	32	0.2755743472
28	32	0.2021965624
28	32	0.1439735365
28	32	0.09700217021
28	32	0.05855954878
28	32	0.02669924471
28	32	0
30	32	0.6800436859
30	32	0.5077659521
30	32	0.3802999125
30	32	0.2833515358
30	32	0.207902902
30	32	0.1480367207
30	32	0.0997397406
30	32	0.06021220136
30	32	0.02745274395
30	32	0
32	32	0.6922049408
32	32	0.5168463558
32	32	0.3871008347
32	32	0.2884187253
32	32	0.2116208399
32	32	0.1506840687
32	32	0.1015233913
32	32	0.06128897913
32	32	0.02794368273
32	32	0
34	32	0.6982054138
34	32	0.521326709
34	32	0.3904564711
34	32	0.2909189224
34	32	0.213455304
34	32	0.1519902942
34	32	0.1024034607
34	32	0.06182027102
34	32	0.02818591636
34	32	0
36	32	0.6982054138
36	32	0.521326709
36	32	0.3904564711
36	32	0.2909189224
36	32	0.213455304
36	32	0.1519902942
36	32	0.1024034607
36	32	0.06182027102
36	32	0.02818591636
36	32	0
38	32	0.6922049408
38	32	0.5168463558
38	32	0.3871008347
38	32	0.2884187253
38	32	0.2116208399
38	32	0.1506840687
38	32	0.1015233913
38	32	0.06128897913
38	32	0.02794368273
38	32	0
40	32	0.6800436859
40	32	0.5077659521
40	32	0.3802999125
40	32	0.2833515358
40	32	0.207902902
40	32	0.1480367207
40	32	0.0997397406
40	32	0.06021220136
40	32	0.02745274395
40	32	0
42	32	0.6613784332
42	32	0.4938292301
42	32	0.3698617684
42	32	0.2755743472
42	32	0.2021965624
42	32	0.1439735365
42	32	0.09700217021
42	32	0.05855954878
42	32	0.02669924471
42	32	0
44	32	0.6356296997
44	32	0.4746035091
44	32	0.355462339
44	32	0.2648457082
44	32	0.1943246616
44	32	0.13836837
44	32	0.09322568929
44	32	0.05627971299
44	32	0.0256597918
44	32	0
46	32	0.6018757019
46	32	0.4494005241
46	32	0.3365861363
46	32	0.2507815425
46	32	0.1840053921
46	32	0.131020561
46	32	0.08827510295
46	32	0.05329107777
46	32	0.02429717366
46	32	0
48	32	0.5586387024
48	32	0.4171168978
48	32	0.3124067675
48	32	0.232766126
48	32	0.17078698
48	32	0.121608425
48	32	0.08193367635
48	32	0.04946280177
48	32	0.02255173539
48	32	0
50	32	0.5034102783
50	32	0.3758796745
50	32	0.2815214504
50	32	0.2097542826
50	32	0.1539025506
50	32	0.1095859109
50	32	0.07383350749
50	32	0.04457278506
50	32	0.02032221423
50	32	0
52	32	0.4313800735
52	32	0.3220971216
52	32	0.2412400962
52	32	0.1797416973
52	32	0.1318814821
52	32	0.09390586635
52	32	0.06326907745
52	32	0.03819511068
52	32	0.0174144205
52	32	0
54	32	0.3304836655
54	32	0.2467611369
54	32	0.1848159341
54	32	0.1377015273
54	32	0.1010354401
54	32	0.07194202241
54	32	0.0484709376
54	32	0.02926157455
54	32	0.01334132444
54	32	0
56	32	0.27060672
56	32	0.2020530176
56	32	0.1513310307
56	32	0.1127528
56	32	0.08272986508
56	32	0.0589075853
56	32	0.0396889856
56	32	0.02395997
56	32	0.01092414671
56	32	0
14	34	0.2857839813
14	34	0.2133853727
14	34	0.1598185901
14	34	0.1190766589
14	34	0.08736985622
14	34	0.06221147893
14	34	0.04191498393
14	34	0.02530379001
14	34	0.01153683892
14	34	0
16	34	0.3433684769
16	34	0.2563817961
16	34	0.1920214898
16	34	0.1430701987
16	34	0.1049745837
16	34	0.07474687932
16	34	0.05036070994
16	34	0.03040241722
16	34	0.01386147254
16	34	0
18	34	0.4410616989
18	34	0.3293260685
18	34	0.2466543385
18	34	0.1837757079
18	34	0.1348413478
18	34	0.09601343106
18	34	0.06468904917
18	34	0.03905233792
18	34	0.0178052589
18	34	0
20	34	0.511676033
20	34	0.382051438
20	34	0.2861438973
20	34	0.2131983471
20	34	0.1564295564
20	34	0.1113852589
20	34	0.07504581818
20	34	0.04530464876
20	34	0.02065589522
20	34	0
22	34	0.5660788727
22	34	0.4226722249
22	34	0.3165675238
22	34	0.235866197
22	34	0.1730615883
22	34	0.1232280539
22	34	0.08302490133
22	34	0.05012156685
22	34	0.02285208829
22	34	0
24	34	0.6087785187
24	34	0.4545546273
24	34	0.3404463892
24	34	0.2536577161
24	34	0.1861157207
24	34	0.132523215
24	34	0.08928751607
24	34	0.05390226467
24	34	0.02457583409
24	34	0
26	34	0.6421648712
26	34	0.4794831038
26	34	0.3591169941
26	34	0.2675686963
26	34	0.1963225938
26	34	0.1397909924
26	34	0.09418418111
26	34	0.05685834797
26	34	0.02592361072
26	34	0
28	34	0.6676587677
28	34	0.4985185465
28	34	0.3733739114
28	34	0.2781911532
28	34	0.2041165858
28	34	0.1453406841
28	34	0.09792328593
28	34	0.05911562006
28	34	0.02695277609
28	34	0
30	34	0.6861515045
30	34	0.5123264567
30	34	0.3837155797
30	34	0.2858964602
30	34	0.2097701838
30	34	0.1493663139
30	34	0.100635554
30	34	0.0607529978
30	34	0.02769931102
30	34	0
32	34	0.6982054138
32	34	0.521326709
32	34	0.3904564711
32	34	0.2909189224
32	34	0.213455304
32	34	0.1519902942
32	34	0.1024034607
32	34	0.06182027102
32	34	0.02818591636
32	34	0
34	34	0.7041543274
34	34	0.5257685645
34	34	0.393783274
34	34	0.2933976364
34	34	0.2152740054
34	34	0.1532852958
34	34	0.103275968
34	34	0.06234699774
34	34	0.02842606858
34	34	0
36	34	0.7041543274
36	34	0.5257685645
36	34	0.393783274
36	34	0.2933976364
36	34	0.2152740054
36	34	0.1532852958
36	34	0.103275968
36	34	0.06234699774
36	34	0.02842606858
36	34	0
38	34	0.6982054138
38	34	0.521326709
38	34	0.3904564711
38	34	0.2909189224
38	34	0.213455304
38	34	0.1519902942
38	34	0.1024034607
38	34	0.06182027102
38	34	0.02818591636
38	34	0
40	34	0.6861515045
40	34	0.5123264567
40	34	0.3837155797
40	34	0.2858964602
40	34	0.2097701838
40	34	0.1493663139
40	34	0.100635554
40	34	0.0607529978
40	34	0.02769931102
40	34	0
42	34	0.6676587677
42	34	0.4985185465
42	34	0.3733739114
42	34	0.2781911532
42	34	0.2041165858
42	34	0.1453406841
42	34	0.09792328593
42	34	0.05911562006
42	34	0.02695277609
42	34	0
44	34	0.6421648712
44	34	0.4794831038
44	34	0.3591169941
44	34	0.2675686963
44	34	0.1963225938
44	34	0.1397909924
44	34	0.09418418111
44	34	0.05685834797
44	34	0.02592361072
44	34	0
46	34	0.6087785187
46	34	0.4545546273
46	34	0.3404463892
46	34	0.2536577161
46	34	0.1861157207
46	34	0.132523215
46	34	0.08928751607
46	34	0.05390226467
46	34	0.02457583409
46	34	0
48	34	0.5660788727
48	34	0.4226722249
48	34	0.3165675238
48	34	0.235866197
48	34	0.1730615883
48	34	0.1232280539
48	34	0.08302490133
48	34	0.05012156685
48	34	0.02285208829
48	34	0
50	34	0.511676033
50	34	0.382051438
50	34	0.2861438973
50	34	0.2131983471
50	34	0.1564295564
50	34	0.1113852589
50	34	0.07504581818
50	34	0.04530464876
50	34	0.02065589522
50	34	0
52	34	0.4410616989
52	34	0.3293260685
52	34	0.2466543385
52	34	0.1837757079
52	34	0.1348413478
52	34	0.09601343106
52	34	0.06468904917
52	34	0.03905233792
52	34	0.0178052589
52	34	0
54	34	0.3433684769
54	34	0.2563817961
54	34	0.1920214898
54	34	0.1430701987
54	34	0.1049745837
54	34	0.07474687932
54	34	0.05036070994
54	34	0.03040241722
54	34	0.01386147254
54	34	0
56	34	0.2857839813
56	34	0.2133853727
56	34	0.1598185901
56	34	0.1190766589
56	34	0.08736985622
56	34	0.06221147893
56	34	0.04191498393
56	34	0.02530379001
56	34	0.01153683892
56	34	0
14	36	0.2857839813
14	36	0.2133853727
14	36	0.1598185901
14	36	0.1190766589
14	36	0.08736985622
14	36	0.06221147893
14	36	0.04191498393
14	36	0.02530379001
14	36	0.01153683892
14	36	0
16	36	0.3433684769
16	36	0.2563817961
16	36	0.1920214898
16	36	0.1430701987
16	36	0.1049745837
16	36	0.07474687932
16	36	0.05036070994
16	36	0.03040241722
16	36	0.01386147254
16	36	0
18	36	0.4410616989
18	36	0.3293260685
18	36	0.2466543385
18	36	0.1837757079
18	36	0.1348413478
18	36	0.09601343106
18	36	0.06468904917
18	36	0.03905233792
18	36	0.0178052589
18	36	0
20	36	0.511676033
20	36	0.382051438
20	36	0.2861438973
20	36	0.2131983471
20	36	0.1564295564
20	36	0.1113852589
20	36	0.07504581818
20	36	0.04530464876
20	36	0.02065589522
20	36	0
22	36	0.5660788727
22	36	0.4226722249
22	36	0.3165675238
22	36	0.235866197
22	36	0.1730615883
22	36	0.1232280539
22	36	0.08302490133
22	36	0.05012156685
22	36	0.02285208829
22	36	0
24	36	0.6087785187
24	36	0.4545546273
24	36	0.3404463892
24	36	0.2536577161
24	36	0.1861157207
24	36	0.132523215
24	36	0.08928751607
24	36	0.05390226467
24	36	0.02457583409
24	36	0
26	36	0.6421648712
26	36	0.4794831038
26	36	0.3591169941
26	36	0.2675686963
26	36	0.1963225938
26	36	0.1397909924
26	36	0.09418418111
26	36	0.05685834797
26	36	0.02592361072
26	36	0
28	36	0.6676587677
28	36	0.4985185465
28	36	0.3733739114
28	36	0.2781911532
28	36	0.2041165858
28	36	0.1453406841
28	36	0.09792328593
28	36	0.05911562006
28	36	0.02695277609
28	36	0
30	36	0.6861515045
30	36	0.5123264567
30	36	0.3837155797
30	36	0.2858964602
30	36	0.2097701838
30	36	0.1493663139
30	36	0.100635554
30	36	0.0607529978
30	36	0.02769931102
30	36	0
32	36	0.6982054138
32	36	0.521326709
32	36	0.3904564711
32	36	0.2909189224
32	36	0.213455304
32	36	0.1519902942
32	36	0.1024034607
32	36	0.06182027102
32	36	0.02818591636
32	36	0
34	36	0.7041543274
34	36	0.5257685645
34	36	0.393783274
34	36	0.2933976364
34	36	0.2152740054
34	36	0.1532852958
34	36	0.103275968
34	36	0.06234699774
34	36	0.02842606858
34	36	0
36	36	0.7041543274
36	36	0.5257685645
36	36	0.393783274
36	36	0.2933976364
36	36	0.2152740054
36	36	0.1532852958
36	36	0.103275968
36	36	0.06234699774
36	36	0.02842606858
36	36	0
38	36	0.6982054138
38	36	0.521326709
38	36	0.3904564711
38	36	0.2909189224
38	36	0.213455304
38	36	0.1519902942
38	36	0.1024034607
38	36	0.06182027102
38	36	0.02818591636
38	36	0
40	36	0.6861515045
40	36	0.5123264567
40	36	0.3837155797
40	36	0.2858964602
40	36	0.2097701838
40	36	0.1493663139
40	36	0.100635554
40	36	0.0607529978
40	36	0.02769931102
40	36	0
42	36	0.6676587677
42	36	0.4985185465
42	36	0.3733739114
42	36	0.2781911532
42	36	0.2041165858
42	36	0.1453406841
42	36	0.09792328593
42	36	0.05911562006
42	36	0.02695277609
42	36	0
44	36	0.6421648712
44	36	0.4794831038
44	36	0.3591169941
44	36	0.2675686963
44	36	0.1963225938
44	36	0.1397909924
44	36	0.09418418111
44	36	0.05685834797
44	36	0.02592361072
44	36	0
46	36	0.6087785187
46	36	0.4545546273
46	36	0.3404463892
46	36	0.2536577161
46	36	0.1861157207
46	36	0.132523215
46	36	0.08928751607
46	36	0.05390226467
46	36	0.02457583409
46	36	0
48	36	0.5660788727
48	36	0.4226722249
48	36	0.3165675238
48	36	0.235866197
48	36	0.1730615883
48	36	0.1232280539
48	36	0.08302490133
48	36	0.05012156685
48	36	0.02285208829
48	36	0
50	36	0.511676033
50	36	0.382051438
50	36	0.2861438973
50	36	0.2131983471
50	36	0.1564295564
50	36	0.1113852589
50	36	0.07504581818
50	36	0.04530464876
50	36	0.02065589522
50	36	0
52	36	0.4410616989
52	36	0.3293260685
52	36	0.2466543385
52	36	0.1837757079
52	36	0.1348413478
52	36	0.09601343106
52	36	0.06468904917
52	36	0.03905233792
52	36	0.0178052589
52	36	0
54	36	0.3433684769
54	36	0.2563817961
54	36	0.1920214898
54	36	0.1430701987
54	36	0.1049745837
54	36	0.07474687932
54	36	0.05036070994
54	36	0.03040241722
54	36	0.01386147254
54	36	0
56	36	0.2857839813
56	36	0.2133853727
56	36	0.1598185901
56	36	0.1190766589
56	36	0.08736985622
56	36	0.06221147893
56	36	0.04191498393
56	36	0.02530379001
56	36	0.01153683892
56	36	0
14	38	0.27060672
14	38	0.2020530176
14	38	0.1513310307
14	38	0.1127528
14	38	0.08272986508
14	38	0.0589075853
14	38	0.0396889856
14	38	0.02395997
14	38	0.01092414671
14	38	0
16	38	0.3304836655
16	38	0.2467611369
16	38	0.1848159341
16	38	0.1377015273
16	38	0.1010354401
16	38	0.07194202241
16	38	0.0484709376
16	38	0.02926157455
16	38	0.01334132444
16	38	0
18	38	0.4313800735
18	38	0.3220971216
18	38	0.2412400962
18	38	0.1797416973
18	38	0.1318814821
18	38	0.09390586635
18	38	0.06326907745
18	38	0.03819511068
18	38	0.0174144205
18	38	0
20	38	0.5034102783
20	38	0.3758796745
20	38	0.2815214504
20	38	0.2097542826
20	38	0.1539025506
20	38	0.1095859109
20	38	0.07383350749
20	38	0.04457278506
20	38	0.02032221423
20	38	0
22	38	0.5586387024
22	38	0.4171168978
22	38	0.3124067675
22	38	0.232766126
22	38	0.17078698
22	38	0.121608425
22	38	0.08193367635
22	38	0.04946280177
22	38	0.02255173539
22	38	0
24	38	0.6018757019
24	38	0.4494005241
24	38	0.3365861363
24	38	0.2507815425
24	38	0.1840053921
24	38	0.131020561
24	38	0.08827510295
24	38	0.05329107777
24	38	0.02429717366
24	38	0
26	38	0.6356296997
26	38	0.4746035091
26	38	0.355462339
26	38	0.2648457082
26	38	0.1943246616
26	38	0.13836837
26	38	0.09322568929
26	38	0.05627971299
26	38	0.0256597918
26	38	0
28	38	0.6613784332
28	38	0.4938292301
28	38	0.3698617684
28	38	0.2755743472
28	38	0.2021965624
28	38	0.1439735365
28	38	0.09700217021
28	38	0.05855954878
28	38	0.02669924471
28	38	0
30	38	0.6800436859
30	38	0.5077659521
30	38	0.3802999125
30	38	0.2833515358
30	38	0.207902902
30	38	0.1480367207
30	38	0.0997397406
30	38	0.06021220136
30	38	0.02745274395
30	38	0
32	38	0.6922049408
32	38	0.5168463558
32	38	0.3871008347
32	38	0.2884187253
32	38	0.2116208399
32	38	0.1506840687
32	38	0.1015233913
32	38	0.06128897913
32	38	0.02794368273
32	38	0
34	38	0.6982054138
34	38	0.521326709
34	38	0.3904564711
34	38	0.2909189224
34	38	0.213455304
34	38	0.1519902942
34	38	0.1024034607
34	38	0.06182027102
34	38	0.02818591636
34	38	0
36	38	0.6982054138
36	38	0.521326709
36	38	0.3904564711
36	38	0.2909189224
36	38	0.213455304
36	38	0.1519902942
36	38	0.1024034607
36	38	0.06182027102
36	38	0.02818591636
36	38	0
38	38	0.6922049408
38	38	0.5168463558
38	38	0.3871008347
38	38	0.2884187253
38	38	0.2116208399
38	38	0.1506840687
38	38	0.1015233913
38	38	0.06128897913
38	38	0.02794368273
38	38	0
40	38	0.6800436859
40	38	0.5077659521
40	38	0.3802999125
40	38	0.2833515358
40	38	0.207902902
40	38	0.1480367207
40	38	0.0997397406
40	38	0.06021220136
40	38	0.02745274395
40	38	0
42	38	0.6613784332
42	38	0.4938292301
42	38	0.3698617684
42	38	0.2755743472
42	38	0.2021965624
42	38	0.1439735365
42	38	0.09700217021
42	38	0.05855954878
42	38	0.02669924471
42	38	0
44	38	0.6356296997
44	38	0.4746035091
44	38	0.355462339
44	38	0.2648457082
44	38	0.1943246616
44	38	0.13836837
44	38	0.09322568929
44	38	0.05627971299
44	38	0.0256597918
44	38	0
46	38	0.6018757019
46	38	0.4494005241
46	38	0.3365861363
46	38	0.2507815425
46	38	0.1840053921
46	38	0.131020561
46	38	0.08827510295
46	38	0.05329107777
46	38	0.02429717366
46	38	0
48	38	0.5586387024
48	38	0.4171168978
48	38	0.3124067675
48	38	0.232766126
48	38	0.17078698
48	38	0.121608425
48	38	0.08193367635
48	38	0.04946280177
48	38	0.02255173539
48	38	0
50	38	0.5034102783
50	38	0.3758796745
50	38	0.2815214504
50	38	0.2097542826
50	38	0.1539025506
50	38	0.1095859109
50	38	0.07383350749
50	38	0.04457278506
50	38	0.02032221423
50	38	0
52	38	0.4313800735
52	38	0.3220971216
52	38	0.2412400962
52	38	0.1797416973
52	38	0.1318814821
52	38	0.09390586635
52	38	0.06326907745
52	38	0.03819511068
52	38	0.0174144205
52	38	0
54	38	0.3304836655
54	38	0.2467611369
54	38	0.1848159341
54	38	0.1377015273
54	38	0.1010354401
54	38	0.07194202241
54	38	0.0484709376
54	38	0.02926157455
54	38	0.01334132444
54	38	0
56	38	0.27060672
56	38	0.2020530176
56	38	0.1513310307
56	38	0.1127528
56	38	0.08272986508
56	38	0.0589075853
56	38	0.0396889856
56	38	0.02395997
56	38	0.01092414671
56	38	0
14	40	0.2371293716
14	40	0.1770565975
14	40	0.1326095384
14	40	0.09880390485
14	40	0.07249517279
14	40	0.05161999927
14	40	0.03477897451
14	40	0.02099582978
14	40	0.009572696664
14	40	0
16	40	0.3026817741
16	40	0.2260023914
16	40	0.16926832
16	40	0.1261174059
16	40	0.09253584811
16	40	0.06588991002
16	40	0.04439332687
16	40	0.02679994875
16	40	0.01221898742
16	40	0
18	40	0.4112869186
18	40	0.3070942326
18	40	0.2300034283
18	40	0.1713695494
18	40	0.1257386043
18	40	0.08953184623
18	40	0.0603220814
18	40	0.03641602925
18	40	0.01660327815
18	40	0
20	40	0.4864428329
20	40	0.3632106486
20	40	0.2720327688
20	40	0.2026845137
20	40	0.1487152645
20	40	0.1058923174
20	40	0.07134494883
20	40	0.04307045917
20	40	0.01963725393
20	40	0
22	40	0.5434459763
22	40	0.4057729956
22	40	0.3039105597
22	40	0.2264358234
22	40	0.166142261
22	40	0.1183011649
22	40	0.07970540985
22	40	0.04811761248
22	40	0.02193841888
22	40	0
24	40	0.5878229218
24	40	0.4389077816
24	40	0.3287274191
24	40	0.2449262174
24	40	0.1797091773
24	40	0.1279614524
24	40	0.08621402852
24	40	0.0520468212
24	40	0.02372987573
24	40	0
26	40	0.6223507996
26	40	0.464688597
26	40	0.3480363976
26	40	0.2593128332
26	40	0.1902650373
26	40	0.1354777251
26	40	0.09127811727
26	40	0.05510397704
26	40	0.0251237347
26	40	0
28	40	0.648633316
28	40	0.484312876
28	40	0.3627343338
28	40	0.2702638817
28	40	0.1983001262
28	40	0.1411990892
28	40	0.09513288635
28	40	0.05743107486
28	40	0.02618473594
28	40	0
30	40	0.6676587677
30	40	0.4985185465
30	40	0.3733739114
30	40	0.2781911532
30	40	0.2041165858
30	40	0.1453406841
30	40	0.09792328593
30	40	0.05911562006
30	40	0.02695277609
30	40	0
32	40	0.6800436859
32	40	0.5077659521
32	40	0.3802999125
32	40	0.2833515358
32	40	0.207902902
32	40	0.1480367207
32	40	0.0997397406
32	40	0.06021220136
32	40	0.02745274395
32	40	0
34	40	0.6861515045
34	40	0.5123264567
34	40	0.3837155797
34	40	0.2858964602
34	40	0.2097701838
34	40	0.1493663139
34	40	0.100635554
34	40	0.0607529978
34	40	0.02769931102
34	40	0
36	40	0.6861515045
36	40	0.5123264567
36	40	0.3837155797
36	40	0.2858964602
36	40	0.2097701838
36	40	0.1493663139
36	40	0.100635554
36	40	0.0607529978
36	40	0.02769931102
36	40	0
38	40	0.6800436859
38	40	0.5077659521
38	40	0.3802999125
38	40	0.2833515358
38	40	0.207902902
38	40	0.1480367207
38	40	0.0997397406
38	40	0.06021220136
38	40	0.02745274395
38	40	0
40	40	0.6676587677
40	40	0.4985185465
40	40	0.3733739114
40	40	0.2781911532
40	40	0.2041165858
40	40	0.1453406841
40	40	0.09792328593
40	40	0.05911562006
40	40	0.02695277609
40	40	0
42	40	0.648633316
42	40	0.484312876
42	40	0.3627343338
42	40	0.2702638817
42	40	0.1983001262
42	40	0.1411990892
42	40	0.09513288635
42	40	0.05743107486
42	40	0.02618473594
42	40	0
44	40	0.6223507996
44	40	0.464688597
44	40	0.3480363976
44	40	0.2593128332
44	40	0.1902650373
44	40	0.1354777251
44	40	0.09127811727
44	40	0.05510397704
44	40	0.0251237347
44	40	0
46	40	0.5878229218
46	40	0.4389077816
46	40	0.3287274191
46	40	0.2449262174
46	40	0.1797091773
46	40	0.1279614524
46	40	0.08621402852
46	40	0.0520468212
46	40	0.02372987573
46	40	0
48	40	0.5434459763
48	40	0.4057729956
48	40	0.3039105597
48	40	0.2264358234
48	40	0.166142261
48	40	0.1183011649
48	40	0.07970540985
48	40	0.04811761248
48	40	0.02193841888
48	40	0
50	40	0.4864428329
50	40	0.3632106486
50	40	0.2720327688
50	40	0.2026845137
50	40	0.1487152645
50	40	0.1058923174
50	40	0.07134494883
50	40	0.04307045917
50	40	0.01963725393
50	40	0
52	40	0.4112869186
52	40	0.3070942326
52	40	0.2300034283
52	40	0.1713695494
52	40	0.1257386043
52	40	0.08953184623
52	40	0.0603220814
52	40	0.03641602925
52	40	0.01660327815
52	40	0
54	40	0.3026817741
54	40	0.2260023914
54	40	0.16926832
54	40	0.1261174059
54	40	0.09253584811
54	40	0.06588991002
54	40	0.04439332687
54	40	0.02679994875
54	40	0.01221898742
54	40	0
56	40	0.2371293716
56	40	0.1770565975
56	40	0.1326095384
56	40	0.09880390485
56	40	0.07249517279
56	40	0.05161999927
56	40	0.03477897451
56	40	0.02099582978
56	40	0.009572696664
56	40	0
14	42	0.1731105042
14	42	0.1292558431
14	42	0.09680835356
14	42	0.07212937673
14	42	0.05292332967
14	42	0.03768391927
14	42	0.02538954061
14	42	0.01532749255
14	42	0.006988313316
14	42	0
16	42	0.2526434937
16	42	0.1886404753
16	42	0.1412854799
16	42	0.1052681224
16	42	0.07723814895
16	42	0.05499722311
16	42	0.03705437907
16	42	0.022369476
16	42	0.01019898763
16	42	0
18	42	0.3789784775
18	42	0.2829705965
18	42	0.2119356224
18	42	0.1579076989
18	42	0.1158612702
18	42	0.08249871619
18	42	0.05558351003
18	42	0.03355538603
18	42	0.01529901582
18	42	0
20	42	0.4597702789
20	42	0.3432951416
20	42	0.2571167125
20	42	0.1915709496
20	42	0.1405609334
20	42	0.1000860471
20	42	0.06743297424
20	42	0.04070882678
20	42	0.01856050722
20	42	0
22	42	0.5198035049
22	42	0.3881199504
22	42	0.2906890124
22	42	0.2165847937
22	42	0.1589142865
22	42	0.1131545045
22	42	0.07623784739
22	42	0.04602426867
22	42	0.02098399386
22	42	0
24	42	0.5660779572
24	42	0.4226715413
24	42	0.3165670119
24	42	0.2358658155
24	42	0.1730613084
24	42	0.1232278546
24	42	0.08302476705
24	42	0.05012148579
24	42	0.02285205133
24	42	0
26	42	0.601875412
26	42	0.4494003076
26	42	0.3365859742
26	42	0.2507814217
26	42	0.1840053035
26	42	0.1310204978
26	42	0.08827506042
26	42	0.0532910521
26	42	0.02429716196
26	42	0
28	42	0.6290256958
28	42	0.4696725195
28	42	0.3517691908
28	42	0.2620940399
28	42	0.1923056861
28	42	0.1369307637
28	42	0.09225710205
28	42	0.05569498348
28	42	0.02539319418
28	42	0
30	42	0.648633316
30	42	0.484312876
30	42	0.3627343338
30	42	0.2702638817
30	42	0.1983001262
30	42	0.1411990892
30	42	0.09513288635
30	42	0.05743107486
30	42	0.02618473594
30	42	0
32	42	0.6613784332
32	42	0.4938292301
32	42	0.3698617684
32	42	0.2755743472
32	42	0.2021965624
32	42	0.1439735365
32	42	0.09700217021
32	42	0.05855954878
32	42	0.02669924471
32	42	0
34	42	0.6676587677
34	42	0.4985185465
34	42	0.3733739114
34	42	0.2781911532
34	42	0.2041165858
34	42	0.1453406841
34	42	0.09792328593
34	42	0.05911562006
34	42	0.02695277609
34	42	0
36	42	0.6676587677
36	42	0.4985185465
36	42	0.3733739114
36	42	0.2781911532
36	42	0.2041165858
36	42	0.1453406841
36	42	0.09792328593
36	42	0.05911562006
36	42	0.02695277609
36	42	0
38	42	0.6613784332
38	42	0.4938292301
38	42	0.3698617684
38	42	0.2755743472
38	42	0.2021965624
38	42	0.1439735365
38	42	0.09700217021
38	42	0.05855954878
38	42	0.02669924471
38	42	0
40	42	0.648633316
40	42	0.484312876
40	42	0.3627343338
40	42	0.2702638817
40	42	0.1983001262
40	42	0.1411990892
40	42	0.09513288635
40	42	0.05743107486
40	42	0.02618473594
40	42	0
42	42	0.6290256958
42	42	0.4696725195
42	42	0.3517691908
42	42	0.2620940399
42	42	0.1923056861
42	42	0.1369307637
42	42	0.09225710205
42	42	0.05569498348
42	42	0.02539319418
42	42	0
44	42	0.601875412
44	42	0.4494003076
44	42	0.3365859742
44	42	0.2507814217
44	42	0.1840053035
44	42	0.1310204978
44	42	0.08827506042
44	42	0.0532910521
44	42	0.02429716196
44	42	0
46	42	0.5660779572
46	42	0.4226715413
46	42	0.3165670119
46	42	0.2358658155
46	42	0.1730613084
46	42	0.1232278546
46	42	0.08302476705
46	42	0.05012148579
46	42	0.02285205133
46	42	0
48	42	0.5198035049
48	42	0.3881199504
48	42	0.2906890124
48	42	0.2165847937
48	42	0.1589142865
48	42	0.1131545045
48	42	0.07623784739
48	42	0.04602426867
48	42	0.02098399386
48	42	0
50	42	0.4597702789
50	42	0.3432951416
50	42	0.2571167125
50	42	0.1915709496
50	42	0.1405609334
50	42	0.1000860471
50	42	0.06743297424
50	42	0.04070882678
50	42	0.01856050722
50	42	0
52	42	0.3789784775
52	42	0.2829705965
52	42	0.2119356224
52	42	0.1579076989
52	42	0.1158612702
52	42	0.08249871619
52	42	0.05558351003
52	42	0.03355538603
52	42	0.01529901582
52	42	0
54	42	0.2526434937
54	42	0.1886404753
54	42	0.1412854799
54	42	0.1052681224
54	42	0.07723814895
54	42	0.05499722311
54	42	0.03705437907
54	42	0.022369476
54	42	0.01019898763
54	42	0
56	42	0.1731105042
56	42	0.1292558431
56	42	0.09680835356
56	42	0.07212937673
56	42	0.05292332967
56	42	0.03768391927
56	42	0.02538954061
56	42	0.01532749255
56	42	0.006988313316
56	42	0
14	44	0.1310328827
14	44	0.09783788574
14	44	0.07327734211
14	44	0.05459703445
14	44	0.04005936256
14	44	0.02852416494
14	44	0.01921815613
14	44	0.01160186982
14	44	0.005289678079
14	44	0
16	44	0.2279178467
16	44	0.1701786589
16	44	0.1274581897
16	44	0.09496576945
16	44	0.06967902611
16	44	0.04961476935
16	44	0.03342795085
16	44	0.02018022601
16	44	0.009200835794
16	44	0
18	44	0.3303319054
18	44	0.2466478227
18	44	0.1847310655
18	44	0.1376382939
18	44	0.100989044
18	44	0.0719089862
18	44	0.04844867945
18	44	0.02924813745
18	44	0.01333519803
18	44	0
20	44	0.4214446411
20	44	0.3146786654
20	44	0.2356839178
20	44	0.1756019338
20	44	0.1288440224
20	44	0.09174305113
20	44	0.0618118807
20	44	0.03731541093
20	44	0.01701333615
20	44	0
22	44	0.4864391098
22	44	0.3632078687
22	44	0.2720306867
22	44	0.2026829624
22	44	0.1487141263
22	44	0.1058915069
22	44	0.07134440277
22	44	0.04307012951
22	44	0.01963710363
22	44	0
24	44	0.5356831512
24	44	0.3999767529
24	44	0.2995693656
24	44	0.223201313
24	44	0.1637690107
24	44	0.1166112982
24	44	0.07856686218
24	44	0.04743027902
24	44	0.02162504071
24	44	0
26	44	0.5734194489
26	44	0.4281531885
26	44	0.3206725843
26	44	0.2389247704
26	44	0.1753057487
26	44	0.1248260025
26	44	0.08410151917
26	44	0.0507715137
26	44	0.02314842066
26	44	0
28	44	0.601875412
28	44	0.4494003076
28	44	0.3365859742
28	44	0.2507814217
28	44	0.1840053035
28	44	0.1310204978
28	44	0.08827506042
28	44	0.0532910521
28	44	0.02429716196
28	44	0
30	44	0.6223507996
30	44	0.464688597
30	44	0.3480363976
30	44	0.2593128332
30	44	0.1902650373
30	44	0.1354777251
30	44	0.09127811727
30	44	0.05510397704
30	44	0.0251237347
30	44	0
32	44	0.6356296997
32	44	0.4746035091
32	44	0.355462339
32	44	0.2648457082
32	44	0.1943246616
32	44	0.13836837
32	44	0.09322568929
32	44	0.05627971299
32	44	0.0256597918
32	44	0
34	44	0.6421648712
34	44	0.4794831038
34	44	0.3591169941
34	44	0.2675686963
34	44	0.1963225938
34	44	0.1397909924
34	44	0.09418418111
34	44	0.05685834797
34	44	0.02592361072
34	44	0
36	44	0.6421648712
36	44	0.4794831038
36	44	0.3591169941
36	44	0.2675686963
36	44	0.1963225938
36	44	0.1397909924
36	44	0.09418418111
36	44	0.05685834797
36	44	0.02592361072
36	44	0
38	44	0.6356296997
38	44	0.4746035091
38	44	0.355462339
38	44	0.2648457082
38	44	0.1943246616
38	44	0.13836837
38	44	0.09322568929
38	44	0.05627971299
38	44	0.0256597918
38	44	0
40	44	0.6223507996
40	44	0.464688597
40	44	0.3480363976
40	44	0.2593128332
40	44	0.1902650373
40	44	0.1354777251
40	44	0.09127811727
40	44	0.05510397704
40	44	0.0251237347
40	44	0
42	44	0.601875412
42	44	0.4494003076
42	44	0.3365859742
42	44	0.2507814217
42	44	0.1840053035
42	44	0.1310204978
42	44	0.08827506042
42	44	0.0532910521
42	44	0.02429716196
42	44	0
44	44	0.5734194489
44	44	0.4281531885
44	44	0.3206725843
44	44	0.2389247704
44	44	0.1753057487
44	44	0.1248260025
44	44	0.08410151917
44	44	0.0507715137
44	44	0.02314842066
44	44	0
46	44	0.5356831512
46	44	0.3999767529
46	44	0.2995693656
46	44	0.223201313
46	44	0.1637690107
46	44	0.1166112982
46	44	0.07856686218
46	44	0.04743027902
46	44	0.02162504071
46	44	0
48	44	0.4864391098
48	44	0.3632078687
48	44	0.2720306867
48	44	0.2026829624
48	44	0.1487141263
48	44	0.1058915069
48	44	0.07134440277
48	44	0.04307012951
48	44	0.01963710363
48	44	0
50	44	0.4214446411
50	44	0.3146786654
50	44	0.2356839178
50	44	0.1756019338
50	44	0.1288440224
50	44	0.09174305113
50	44	0.0618118807
50	44	0.03731541093
50	44	0.01701333615
50	44	0
52	44	0.3303319054
52	44	0.2466478227
52	44	0.1847310655
52	44	0.1376382939
52	44	0.100989044
52	44	0.0719089862
52	44	0.04844867945
52	44	0.02924813745
52	44	0.01333519803
52	44	0
54	44	0.2279178467
54	44	0.1701786589
54	44	0.1274581897
54	44	0.09496576945
54	44	0.06967902611
54	44	0.04961476935
54	44	0.03342795085
54	44	0.02018022601
54	44	0.009200835794
54	44	0
56	44	0.1310328827
56	44	0.09783788574
56	44	0.07327734211
56	44	0.05459703445
56	44	0.04005936256
56	44	0.02852416494
56	44	0.01921815613
56	44	0.01160186982
56	44	0.005289678079
56	44	0
16	46	0.1782610016
16	46	0.1331015479
16	46	0.09968865929
16	46	0.07427541733
16	46	0.05449793934
16	46	0.03880511599
16	46	0.0261449469
16	46	0.01578352618
16	46	0.007196234205
16	46	0
18	46	0.2514703064
18	46	0.1877644954
18	46	0.1406294
18	46	0.1047792943
18	46	0.07687948223
18	46	0.05474183541
18	46	0.0368823116
18	46	0.02226560005
18	46	0.01015162713
18	46	0
20	46	0.3674716339
20	46	0.27437882
20	46	0.2055006658
20	46	0.1531131808
20	46	0.1123433989
20	46	0.07999382507
20	46	0.05389583964
20	46	0.03253655092
20	46	0.01483449503
20	46	0
22	46	0.4410430603
22	46	0.3293121517
22	46	0.2466439153
22	46	0.1837679418
22	46	0.1348356496
22	46	0.09600937367
22	46	0.06468631551
22	46	0.03905068763
22	46	0.01780450647
22	46	0
24	46	0.4949974442
24	46	0.3695980916
24	46	0.2768167525
24	46	0.2062489351
24	46	0.1513305796
24	46	0.1077545457
24	46	0.07259962514
24	46	0.0438278987
24	46	0.01998259578
24	46	0
26	46	0.5356831512
26	46	0.3999767529
26	46	0.2995693656
26	46	0.223201313
26	46	0.1637690107
26	46	0.1166112982
26	46	0.07856686218
26	46	0.04743027902
26	46	0.02162504071
26	46	0
28	46	0.5660779572
28	46	0.4226715413
28	46	0.3165670119
28	46	0.2358658155
28	46	0.1730613084
28	46	0.1232278546
28	46	0.08302476705
28	46	0.05012148579
28	46	0.02285205133
28	46	0
30	46	0.5878229218
30	46	0.4389077816
30	46	0.3287274191
30	46	0.2449262174
30	46	0.1797091773
30	46	0.1279614524
30	46	0.08621402852
30	46	0.0520468212
30	46	0.02372987573
30	46	0
32	46	0.6018757019
32	46	0.4494005241
32	46	0.3365861363
32	46	0.2507815425
32	46	0.1840053921
32	46	0.131020561
32	46	0.08827510295
32	46	0.05329107777
32	46	0.02429717366
32	46	0
34	46	0.6087785187
34	46	0.4545546273
34	46	0.3404463892
34	46	0.2536577161
34	46	0.1861157207
34	46	0.132523215
34	46	0.08928751607
34	46	0.05390226467
34	46	0.02457583409
34	46	0
36	46	0.6087785187
36	46	0.4545546273
36	46	0.3404463892
36	46	0.2536577161
36	46	0.1861157207
36	46	0.132523215
36	46	0.08928751607
36	46	0.05390226467
36	46	0.02457583409
36	46	0
38	46	0.6018757019
38	46	0.4494005241
38	46	0.3365861363
38	46	0.2507815425
38	46	0.1840053921
38	46	0.131020561
38	46	0.08827510295
38	46	0.05329107777
38	46	0.02429717366
38	46	0
40	46	0.5878229218
40	46	0.4389077816
40	46	0.3287274191
40	46	0.2449262174
40	46	0.1797091773
40	46	0.1279614524
40	46	0.08621402852
40	46	0.0520468212
40	46	0.02372987573
40	46	0
42	46	0.5660779572
42	46	0.4226715413
42	46	0.3165670119
42	46	0.2358658155
42	46	0.1730613084
42	46	0.1232278546
42	46	0.08302476705
42	46	0.05012148579
42	46	0.02285205133
42	46	0
44	46	0.5356831512
44	46	0.3999767529
44	46	0.2995693656
44	46	0.223201313
44	46	0.1637690107
44	46	0.1166112982
44	46	0.07856686218
44	46	0.04743027902
44	46	0.02162504071
44	46	0
46	46	0.4949974442
46	46	0.3695980916
46	46	0.2768167525
46	46	0.2062489351
46	46	0.1513305796
46	46	0.1077545457
46	46	0.07259962514
46	46	0.0438278987
46	46	0.01998259578
46	46	0
48	46	0.4410430603
48	46	0.3293121517
48	46	0.2466439153
48	46	0.1837679418
48	46	0.1348356496
48	46	0.09600937367
48	46	0.06468631551
48	46	0.03905068763
48	46	0.01780450647
48	46	0
50	46	0.3674716339
50	46	0.27437882
50	46	0.2055006658
50	46	0.1531131808
50	46	0.1123433989
50	46	0.07999382507
50	46	0.05389583964
50	46	0.03253655092
50	46	0.01483449503
50	46	0
52	46	0.2514703064
52	46	0.1877644954
52	46	0.1406294
52	46	0.1047792943
52	46	0.07687948223
52	46	0.05474183541
52	46	0.0368823116
52	46	0.02226560005
52	46	0.01015162713
52	46	0
54	46	0.1782610016
54	46	0.1331015479
54	46	0.09968865929
54	46	0.07427541733
54	46	0.05449793934
54	46	0.03880511599
54	46	0.0261449469
54	46	0.01578352618
54	46	0.007196234205
54	46	0
16	48	0.1140494843
16	48	0.08515694824
16	48	0.06377973913
16	48	0.04752061844
16	48	0.03486719933
16	48	0.02482709861
16	48	0.01672725769
16	48	0.01009813142
16	48	0.004604073759
16	48	0
18	48	0.1918951874
18	48	0.1432817399
18	48	0.1073132866
18	48	0.07995632807
18	48	0.05866618155
18	48	0.04177310201
18	48	0.02814462748
18	48	0.01699071972
18	48	0.007746633862
18	48	0
20	48	0.2868663864
20	48	0.2141935685
20	48	0.160423902
20	48	0.119527661
20	48	0.08770076902
20	48	0.06244710453
20	48	0.04207373667
20	48	0.02539962796
20	48	0.01158053463
20	48	0
22	48	0.3789388657
22	48	0.2829410197
22	48	0.2119134703
22	48	0.157891194
22	48	0.1158491601
22	48	0.08249009321
22	48	0.0555777003
22	48	0.03355187873
22	48	0.01529741672
22	48	0
24	48	0.4410430603
24	48	0.3293121517
24	48	0.2466439153
24	48	0.1837679418
24	48	0.1348356496
24	48	0.09600937367
24	48	0.06468631551
24	48	0.03905068763
24	48	0.01780450647
24	48	0
26	48	0.4864391098
26	48	0.3632078687
26	48	0.2720306867
26	48	0.2026829624
26	48	0.1487141263
26	48	0.1058915069
26	48	0.07134440277
26	48	0.04307012951
26	48	0.01963710363
26	48	0
28	48	0.5198035049
28	48	0.3881199504
28	48	0.2906890124
28	48	0.2165847937
28	48	0.1589142865
28	48	0.1131545045
28	48	0.07623784739
28	48	0.04602426867
28	48	0.02098399386
28	48	0
30	48	0.5434459763
30	48	0.4057729956
30	48	0.3039105597
30	48	0.2264358234
30	48	0.166142261
30	48	0.1183011649
30	48	0.07970540985
30	48	0.04811761248
30	48	0.02193841888
30	48	0
32	48	0.5586387024
32	48	0.4171168978
32	48	0.3124067675
32	48	0.232766126
32	48	0.17078698
32	48	0.121608425
32	48	0.08193367635
32	48	0.04946280177
32	48	0.02255173539
32	48	0
34	48	0.5660788727
34	48	0.4226722249
34	48	0.3165675238
34	48	0.235866197
34	48	0.1730615883
34	48	0.1232280539
34	48	0.08302490133
34	48	0.05012156685
34	48	0.02285208829
34	48	0
36	48	0.5660788727
36	48	0.4226722249
36	48	0.3165675238
36	48	0.235866197
36	48	0.1730615883
36	48	0.1232280539
36	48	0.08302490133
36	48	0.05012156685
36	48	0.02285208829
36	48	0
38	48	0.5586387024
38	48	0.4171168978
38	48	0.3124067675
38	48	0.232766126
38	48	0.17078698
38	48	0.121608425
38	48	0.08193367635
38	48	0.04946280177
38	48	0.02255173539
38	48	0
40	48	0.5434459763
40	48	0.4057729956
40	48	0.3039105597
40	48	0.2264358234
40	48	0.166142261
40	48	0.1183011649
40	48	0.07970540985
40	48	0.04811761248
40	48	0.02193841888
40	48	0
42	48	0.5198035049
42	48	0.3881199504
42	48	0.2906890124
42	48	0.2165847937
42	48	0.1589142865
42	48	0.1131545045
42	48	0.07623784739
42	48	0.04602426867
42	48	0.02098399386
42	48	0
44	48	0.4864391098
44	48	0.3632078687
44	48	0.2720306867
44	48	0.2026829624
44	48	0.1487141263
44	48	0.1058915069
44	48	0.07134440277
44	48	0.04307012951
44	48	0.01963710363
44	48	0
46	48	0.4410430603
46	48	0.3293121517
46	48	0.2466439153
46	48	0.1837679418
46	48	0.1348356496
46	48	0.09600937367
46	48	0.06468631551
46	48	0.03905068763
46	48	0.01780450647
46	48	0
48	48	0.3789388657
48	48	0.2829410197
48	48	0.2119134703
48	48	0.157891194
48	48	0.1158491601
48	48	0.08249009321
48	48	0.0555777003
48	48	0.03355187873
48	48	0.01529741672
48	48	0
50	48	0.2868663864
50	48	0.2141935685
50	48	0.160423902
50	48	0.119527661
50	48	0.08770076902
50	48	0.06244710453
50	48	0.04207373667
50	48	0.02539962796
50	48	0.01158053463
50	48	0
52	48	0.1918951874
52	48	0.1432817399
52	48	0.1073132866
52	48	0.07995632807
52	48	0.05866618155
52	48	0.04177310201
52	48	0.02814462748
52	48	0.01699071972
52	48	0.007746633862
52	48	0
54	48	0.1140494843
54	48	0.08515694824
54	48	0.06377973913
54	48	0.04752061844
54	48	0.03486719933
54	48	0.02482709861
54	48	0.01672725769
54	48	0.01009813142
54	48	0.004604073759
54	48	0
18	50	0.1722109375
18	50	0.1285841667
18	50	0.09630529012
18	50	0.07175455729
18	50	0.05264831423
18	50	0.03748809524
18	50	0.02525760417
18	50	0.01524784342
18	50	0.00695199863
18	50	0
20	50	0.2159626058
20	50	0.161252079
20	50	0.1207724765
20	50	0.08998441908
20	50	0.0660240708
20	50	0.04701226793
20	50	0.03167451552
20	50	0.01912168905
20	50	0.008718213613
20	50	0
22	50	0.2868663864
22	50	0.2141935685
22	50	0.160423902
22	50	0.119527661
22	50	0.08770076902
22	50	0.06244710453
22	50	0.04207373667
22	50	0.02539962796
22	50	0.01158053463
22	50	0
24	50	0.3674716339
24	50	0.27437882
24	50	0.2055006658
24	50	0.1531131808
24	50	0.1123433989
24	50	0.07999382507
24	50	0.05389583964
24	50	0.03253655092
24	50	0.01483449503
24	50	0
26	50	0.4214446411
26	50	0.3146786654
26	50	0.2356839178
26	50	0.1756019338
26	50	0.1288440224
26	50	0.09174305113
26	50	0.0618118807
26	50	0.03731541093
26	50	0.01701333615
26	50	0
28	50	0.4597702789
28	50	0.3432951416
28	50	0.2571167125
28	50	0.1915709496
28	50	0.1405609334
28	50	0.1000860471
28	50	0.06743297424
28	50	0.04070882678
28	50	0.01856050722
28	50	0
30	50	0.4864428329
30	50	0.3632106486
30	50	0.2720327688
30	50	0.2026845137
30	50	0.1487152645
30	50	0.1058923174
30	50	0.07134494883
30	50	0.04307045917
30	50	0.01963725393
30	50	0
32	50	0.5034102783
32	50	0.3758796745
32	50	0.2815214504
32	50	0.2097542826
32	50	0.1539025506
32	50	0.1095859109
32	50	0.07383350749
32	50	0.04457278506
32	50	0.02032221423
32	50	0
34	50	0.511676033
34	50	0.382051438
34	50	0.2861438973
34	50	0.2131983471
34	50	0.1564295564
34	50	0.1113852589
34	50	0.07504581818
34	50	0.04530464876
34	50	0.02065589522
34	50	0
36	50	0.511676033
36	50	0.382051438
36	50	0.2861438973
36	50	0.2131983471
36	50	0.1564295564
36	50	0.1113852589
36	50	0.07504581818
36	50	0.04530464876
36	50	0.02065589522
36	50	0
38	50	0.5034102783
38	50	0.3758796745
38	50	0.2815214504
38	50	0.2097542826
38	50	0.1539025506
38	50	0.1095859109
38	50	0.07383350749
38	50	0.04457278506
38	50	0.02032221423
38	50	0
40	50	0.4864428329
40	50	0.3632106486
40	50	0.2720327688
40	50	0.2026845137
40	50	0.1487152645
40	50	0.1058923174
40	50	0.07134494883
40	50	0.04307045917
40	50	0.01963725393
40	50	0
42	50	0.4597702789
42	50	0.3432951416
42	50	0.2571167125
42	50	0.1915709496
42	50	0.1405609334
42	50	0.1000860471
42	50	0.06743297424
42	50	0.04070882678
42	50	0.01856050722
42	50	0
44	50	0.4214446411
44	50	0.3146786654
44	50	0.2356839178
44	50	0.1756019338
44	50	0.1288440224
44	50	0.09174305113
44	50	0.0618118807
44	50	0.03731541093
44	50	0.01701333615
44	50	0
46	50	0.3674716339
46	50	0.27437882
46	50	0.2055006658
46	50	0.1531131808
46	50	0.1123433989
46	50	0.07999382507
46	50	0.05389583964
46	50	0.03253655092
46	50	0.01483449503
46	50	0
48	50	0.2868663864
48	50	0.2141935685
48	50	0.160423902
48	50	0.119527661
48	50	0.08770076902
48	50	0.06244710453
48	50	0.04207373667
48	50	0.02539962796
48	50	0.01158053463
48	50	0
50	50	0.2159626058
50	50	0.161252079
50	50	0.1207724765
50	50	0.08998441908
50	50	0.0660240708
50	50	0.04701226793
50	50	0.03167451552
50	50	0.01912168905
50	50	0.008718213613
50	50	0
52	50	0.1722109375
52	50	0.1285841667
52	50	0.09630529012
52	50	0.07175455729
52	50	0.05264831423
52	50	0.03748809524
52	50	0.02525760417
52	50	0.01524784342
52	50	0.00695199863
52	50	0
20	52	0.1722109375
20	52	0.1285841667
20	52	0.09630529012
20	52	0.07175455729
20	52	0.05264831423
20	52	0.03748809524
20	52	0.02525760417
20	52	0.01524784342
20	52	0.00695199863
20	52	0
22	52	0.1918951874
22	52	0.1432817399
22	52	0.1073132866
22	52	0.07995632807
22	52	0.05866618155
22	52	0.04177310201
22	52	0.02814462748
22	52	0.01699071972
22	52	0.007746633862
22	52	0
24	52	0.2514703064
24	52	0.1877644954
24	52	0.1406294
24	52	0.1047792943
24	52	0.07687948223
24	52	0.05474183541
24	52	0.0368823116
24	52	0.02226560005
24	52	0.01015162713
24	52	0
26	52	0.3303319054
26	52	0.2466478227
26	52	0.1847310655
26	52	0.1376382939
26	52	0.100989044
26	52	0.0719089862
26	52	0.04844867945
26	52	0.02924813745
26	52	0.01333519803
26	52	0
28	52	0.3789784775
28	52	0.2829705965
28	52	0.2119356224
28	52	0.1579076989
28	52	0.1158612702
28	52	0.08249871619
28	52	0.05558351003
28	52	0.03355538603
28	52	0.01529901582
28	52	0
30	52	0.4112869186
30	52	0.3070942326
30	52	0.2300034283
30	52	0.1713695494
30	52	0.1257386043
30	52	0.08953184623
30	52	0.0603220814
30	52	0.03641602925
30	52	0.01660327815
30	52	0
32	52	0.4313800735
32	52	0.3220971216
32	52	0.2412400962
32	52	0.1797416973
32	52	0.1318814821
32	52	0.09390586635
32	52	0.06326907745
32	52	0.03819511068
32	52	0.0174144205
32	52	0
34	52	0.4410616989
34	52	0.3293260685
34	52	0.2466543385
34	52	0.1837757079
34	52	0.1348413478
34	52	0.09601343106
34	52	0.06468904917
34	52	0.03905233792
34	52	0.0178052589
34	52	0
36	52	0.4410616989
36	52	0.3293260685
36	52	0.2466543385
36	52	0.1837757079
36	52	0.1348413478
36	52	0.09601343106
36	52	0.06468904917
36	52	0.03905233792
36	52	0.0178052589
36	52	0
38	52	0.4313800735
38	52	0.3220971216
38	52	0.2412400962
38	52	0.1797416973
38	52	0.1318814821
38	52	0.09390586635
38	52	0.06326907745
38	52	0.03819511068
38	52	0.0174144205
38	52	0
40	52	0.4112869186
40	52	0.3070942326
40	52	0.2300034283
40	52	0.1713695494
40	52	0.1257386043
40	52	0.08953184623
40	52	0.0603220814
40	52	0.03641602925
40	52	0.01660327815
40	52	0
42	52	0.3789784775
42	52	0.2829705965
42	52	0.2119356224
42	52	0.1579076989
42	52	0.1158612702
42	52	0.08249871619
42	52	0.05558351003
42	52	0.03355538603
42	52	0.01529901582
42	52	0
44	52	0.3303319054
44	52	0.2466478227
44	52	0.1847310655
44	52	0.1376382939
44	52	0.100989044
44	52	0.0719089862
44	52	0.04844867945
44	52	0.02924813745
44	52	0.01333519803
44	52	0
46	52	0.2514703064
46	52	0.1877644954
46	52	0.1406294
46	52	0.1047792943
46	52	0.07687948223
46	52	0.05474183541
46	52	0.0368823116
46	52	0.02226560005
46	52	0.01015162713
46	52	0
48	52	0.1918951874
48	52	0.1432817399
48	52	0.1073132866
48	52	0.07995632807
48	52	0.05866618155
48	52	0.04177310201
48	52	0.02814462748
48	52	0.01699071972
48	52	0.007746633862
48	52	0
50	52	0.1722109375
50	52	0.1285841667
50	52	0.09630529012
50	52	0.07175455729
50	52	0.05264831423
50	52	0.03748809524
50	52	0.02525760417
50	52	0.01524784342
50	52	0.00695199863
50	52	0
22	54	0.1140494843
22	54	0.08515694824
22	54	0.06377973913
22	54	0.04752061844
22	54	0.03486719933
22	54	0.02482709861
22	54	0.01672725769
22	54	0.01009813142
22	54	0.004604073759
22	54	0
24	54	0.1782610016
24	54	0.1331015479
24	54	0.09968865929
24	54	0.07427541733
24	54	0.05449793934
24	54	0.03880511599
24	54	0.0261449469
24	54	0.01578352618
24	54	0.007196234205
24	54	0
26	54	0.2279178467
26	54	0.1701786589
26	54	0.1274581897
26	54	0.09496576945
26	54	0.06967902611
26	54	0.04961476935
26	54	0.03342795085
26	54	0.02018022601
26	54	0.009200835794
26	54	0
28	54	0.2526434937
28	54	0.1886404753
28	54	0.1412854799
28	54	0.1052681224
28	54	0.07723814895
28	54	0.05499722311
28	54	0.03705437907
28	54	0.022369476
28	54	0.01019898763
28	54	0
30	54	0.3026817741
30	54	0.2260023914
30	54	0.16926832
30	54	0.1261174059
30	54	0.09253584811
30	54	0.06588991002
30	54	0.04439332687
30	54	0.02679994875
30	54	0.01221898742
30	54	0
32	54	0.3304836655
32	54	0.2467611369
32	54	0.1848159341
32	54	0.1377015273
32	54	0.1010354401
32	54	0.07194202241
32	54	0.0484709376
32	54	0.02926157455
32	54	0.01334132444
32	54	0
34	54	0.3433684769
34	54	0.2563817961
34	54	0.1920214898
34	54	0.1430701987
34	54	0.1049745837
34	54	0.07474687932
34	54	0.05036070994
34	54	0.03040241722
34	54	0.01386147254
34	54	0
36	54	0.3433684769
36	54	0.2563817961
36	54	0.1920214898
36	54	0.1430701987
36	54	0.1049745837
36	54	0.07474687932
36	54	0.05036070994
36	54	0.03040241722
36	54	0.01386147254
36	54	0
38	54	0.3304836655
38	54	0.2467611369
38	54	0.1848159341
38	54	0.1377015273
38	54	0.1010354401
38	54	0.07194202241
38	54	0.0484709376
38	54	0.02926157455
38	54	0.01334132444
38	54	0
40	54	0.3026817741
40	54	0.2260023914
40	54	0.16926832
40	54	0.1261174059
40	54	0.09253584811
40	54	0.06588991002
40	54	0.04439332687
40	54	0.02679994875
40	54	0.01221898742
40	54	0
42	54	0.2526434937
42	54	0.1886404753
42	54	0.1412854799
42	54	0.1052681224
42	54	0.07723814895
42	54	0.05499722311
42	54	0.03705437907
42	54	0.022369476
42	54	0.01019898763
42	54	0
44	54	0.2279178467
44	54	0.1701786589
44	54	0.1274581897
44	54	0.09496576945
44	54	0.06967902611
44	54	0.04961476935
44	54	0.03342795085
44	54	0.02018022601
44	54	0.009200835794
44	54	0
46	54	0.1782610016
46	54	0.1331015479
46	54	0.09968865929
46	54	0.07427541733
46	54	0.05449793934
46	54	0.03880511599
46	54	0.0261449469
46	54	0.01578352618
46	54	0.007196234205
46	54	0
48	54	0.1140494843
48	54	0.08515694824
48	54	0.06377973913
48	54	0.04752061844
48	54	0.03486719933
48	54	0.02482709861
48	54	0.01672725769
48	54	0.01009813142
48	54	0.004604073759
48	54	0
26	56	0.1310328827
26	56	0.09783788574
26	56	0.07327734211
26	56	0.05459703445
26	56	0.04005936256
26	56	0.02852416494
26	56	0.01921815613
26	56	0.01160186982
26	56	0.005289678079
26	56	0
28	56	0.1731105042
28	56	0.1292558431
28	56	0.09680835356
28	56	0.07212937673
28	56	0.05292332967
28	56	0.03768391927
28	56	0.02538954061
28	56	0.01532749255
28	56	0.006988313316
28	56	0
30	56	0.2371293716
30	56	0.1770565975
30	56	0.1326095384
30	56	0.09880390485
30	56	0.07249517279
30	56	0.05161999927
30	56	0.03477897451
30	56	0.02099582978
30	56	0.009572696664
30	56	0
32	56	0.27060672
32	56	0.2020530176
32	56	0.1513310307
32	56	0.1127528
32	56	0.08272986508
32	56	0.0589075853
32	56	0.0396889856
32	56	0.02395997
32	56	0.01092414671
32	56	0
34	56	0.2857839813
34	56	0.2133853727
34	56	0.1598185901
34	56	0.1190766589
34	56	0.08736985622
34	56	0.06221147893
34	56	0.04191498393
34	56	0.02530379001
34	56	0.01153683892
34	56	0
36	56	0.2857839813
36	56	0.2133853727
36	56	0.1598185901
36	56	0.1190766589
36	56	0.08736985622
36	56	0.06221147893
36	56	0.04191498393
36	56	0.02530379001
36	56	0.01153683892
36	56	0
38	56	0.27060672
38	56	0.2020530176
38	56	0.1513310307
38	56	0.1127528
38	56	0.08272986508
38	56	0.0589075853
38	56	0.0396889856
38	56	0.02395997
38	56	0.01092414671
38	56	0
40	56	0.2371293716
40	56	0.1770565975
40	56	0.1326095384
40	56	0.09880390485
40	56	0.07249517279
40	56	0.05161999927
40	56	0.03477897451
40	56	0.02099582978
40	56	0.009572696664
40	56	0
42	56	0.1731105042
42	56	0.1292558431
42	56	0.09680835356
42	56	0.07212937673
42	56	0.05292332967
42	56	0.03768391927
42	56	0.02538954061
42	56	0.01532749255
42	56	0.006988313316
42	56	0
44	56	0.1310328827
44	56	0.09783788574
44	56	0.07327734211
44	56	0.05459703445
44	56	0.04005936256
44	56	0.02852416494
44	56	0.01921815613
44	56	0.01160186982
44	56	0.005289678079
44	56	0
