1182  
        172922      194741      194742      194869      194868
        172923      194742      194743      194870      194869
        172924      194743      194744      194871      194870
        173048      194868      194869      194996      194995
        173049      194869      194870      194997      194996
        173174      194995      194996      195123      195122
        173175      194996      194997      195124      195123
        173292      195114      195115      195242      195241
        173293      195115      195116      195243      195242
        173294      195116      195117      195244      195243
        173295      195117      195118      195245      195244
        173300      195122      195123      195250      195249
        173301      195123      195124      195251      195250
        173302      195124      195125      195252      195251
        173418      195241      195242      195369      195368
        173419      195242      195243      195370      195369
        173420      195243      195244      195371      195370
        173421      195244      195245      195372      195371
        173422      195245      195246      195373      195372
        173427      195250      195251      195378      195377
        173428      195251      195252      195379      195378
        173544      195368      195369      195496      195495
        173545      195369      195370      195497      195496
        173546      195370      195371      195498      195497
        173547      195371      195372      195499      195498
        173548      195372      195373      195500      195499
        173549      195373      195374      195501      195500
        173550      195374      195375      195502      195501
        173551      195375      195376      195503      195502
        173552      195376      195377      195504      195503
        173553      195377      195378      195505      195504
        173554      195378      195379      195506      195505
        173670      195495      195496      195623      195622
        173671      195496      195497      195624      195623
        173672      195497      195498      195625      195624
        173673      195498      195499      195626      195625
        173674      195499      195500      195627      195626
        173675      195500      195501      195628      195627
        173676      195501      195502      195629      195628
        173677      195502      195503      195630      195629
        173678      195503      195504      195631      195630
        173679      195504      195505      195632      195631
        173680      195505      195506      195633      195632
        173795      195621      195622      195749      195748
        173796      195622      195623      195750      195749
        173797      195623      195624      195751      195750
        173798      195624      195625      195752      195751
        173799      195625      195626      195753      195752
        173800      195626      195627      195754      195753
        173801      195627      195628      195755      195754
        173802      195628      195629      195756      195755
        173803      195629      195630      195757      195756
        173804      195630      195631      195758      195757
        173805      195631      195632      195759      195758
        173806      195632      195633      195760      195759
        173807      195633      195634      195761      195760
        173921      195748      195749      195876      195875
        173922      195749      195750      195877      195876
        173923      195750      195751      195878      195877
        173924      195751      195752      195879      195878
        173925      195752      195753      195880      195879
        173926      195753      195754      195881      195880
        173927      195754      195755      195882      195881
        173928      195755      195756      195883      195882
        173929      195756      195757      195884      195883
        173930      195757      195758      195885      195884
        173931      195758      195759      195886      195885
        173932      195759      195760      195887      195886
        173933      195760      195761      195888      195887
        173934      195761      195762      195889      195888
        173935      195762      195763      195890      195889
        173936      195763      195764      195891      195890
        174046      195874      195875      196002      196001
        174047      195875      195876      196003      196002
        174048      195876      195877      196004      196003
        174049      195877      195878      196005      196004
        174050      195878      195879      196006      196005
        174051      195879      195880      196007      196006
        174052      195880      195881      196008      196007
        174053      195881      195882      196009      196008
        174054      195882      195883      196010      196009
        174055      195883      195884      196011      196010
        174056      195884      195885      196012      196011
        174057      195885      195886      196013      196012
        174058      195886      195887      196014      196013
        174059      195887      195888      196015      196014
        174060      195888      195889      196016      196015
        174171      196000      196001      196128      196127
        174172      196001      196002      196129      196128
        174173      196002      196003      196130      196129
        174174      196003      196004      196131      196130
        174175      196004      196005      196132      196131
        174176      196005      196006      196133      196132
        174177      196006      196007      196134      196133
        174178      196007      196008      196135      196134
        174179      196008      196009      196136      196135
        174180      196009      196010      196137      196136
        174181      196010      196011      196138      196137
        174182      196011      196012      196139      196138
        174183      196012      196013      196140      196139
        174184      196013      196014      196141      196140
        174185      196014      196015      196142      196141
        174297      196127      196128      196255      196254
        174298      196128      196129      196256      196255
        174299      196129      196130      196257      196256
        174300      196130      196131      196258      196257
        174301      196131      196132      196259      196258
        174302      196132      196133      196260      196259
        174303      196133      196134      196261      196260
        174304      196134      196135      196262      196261
        174305      196135      196136      196263      196262
        174306      196136      196137      196264      196263
        174307      196137      196138      196265      196264
        174308      196138      196139      196266      196265
        174309      196139      196140      196267      196266
        174310      196140      196141      196268      196267
        174311      196141      196142      196269      196268
        174312      196142      196143      196270      196269
        174423      196254      196255      196382      196381
        174424      196255      196256      196383      196382
        174425      196256      196257      196384      196383
        174426      196257      196258      196385      196384
        174427      196258      196259      196386      196385
        174428      196259      196260      196387      196386
        174429      196260      196261      196388      196387
        174430      196261      196262      196389      196388
        174431      196262      196263      196390      196389
        174432      196263      196264      196391      196390
        174433      196264      196265      196392      196391
        174434      196265      196266      196393      196392
        174435      196266      196267      196394      196393
        174436      196267      196268      196395      196394
        174437      196268      196269      196396      196395
        174438      196269      196270      196397      196396
        174548      196380      196381      196508      196507
        174549      196381      196382      196509      196508
        174550      196382      196383      196510      196509
        174551      196383      196384      196511      196510
        174552      196384      196385      196512      196511
        174553      196385      196386      196513      196512
        174554      196386      196387      196514      196513
        174555      196387      196388      196515      196514
        174556      196388      196389      196516      196515
        174557      196389      196390      196517      196516
        174558      196390      196391      196518      196517
        174559      196391      196392      196519      196518
        174560      196392      196393      196520      196519
        174561      196393      196394      196521      196520
        174562      196394      196395      196522      196521
        174563      196395      196396      196523      196522
        174564      196396      196397      196524      196523
        174565      196397      196398      196525      196524
        174675      196508      196509      196636      196635
        174676      196509      196510      196637      196636
        174677      196510      196511      196638      196637
        174678      196511      196512      196639      196638
        174679      196512      196513      196640      196639
        174680      196513      196514      196641      196640
        174681      196514      196515      196642      196641
        174682      196515      196516      196643      196642
        174683      196516      196517      196644      196643
        174684      196517      196518      196645      196644
        174685      196518      196519      196646      196645
        174686      196519      196520      196647      196646
        174687      196520      196521      196648      196647
        174688      196521      196522      196649      196648
        174689      196522      196523      196650      196649
        174690      196523      196524      196651      196650
        174691      196524      196525      196652      196651
        174692      196525      196526      196653      196652
        174801      196635      196636      196763      196762
        174802      196636      196637      196764      196763
        174803      196637      196638      196765      196764
        174804      196638      196639      196766      196765
        174805      196639      196640      196767      196766
        174806      196640      196641      196768      196767
        174807      196641      196642      196769      196768
        174808      196642      196643      196770      196769
        174809      196643      196644      196771      196770
        174810      196644      196645      196772      196771
        174811      196645      196646      196773      196772
        174812      196646      196647      196774      196773
        174813      196647      196648      196775      196774
        174814      196648      196649      196776      196775
        174815      196649      196650      196777      196776
        174816      196650      196651      196778      196777
        174817      196651      196652      196779      196778
        174818      196652      196653      196780      196779
        174819      196653      196654      196781      196780
        174928      196763      196764      196891      196890
        174929      196764      196765      196892      196891
        174930      196765      196766      196893      196892
        174931      196766      196767      196894      196893
        174932      196767      196768      196895      196894
        174933      196768      196769      196896      196895
        174934      196769      196770      196897      196896
        174935      196770      196771      196898      196897
        174936      196771      196772      196899      196898
        174937      196772      196773      196900      196899
        174938      196773      196774      196901      196900
        174939      196774      196775      196902      196901
        174940      196775      196776      196903      196902
        174941      196776      196777      196904      196903
        174942      196777      196778      196905      196904
        174943      196778      196779      196906      196905
        174944      196779      196780      196907      196906
        174945      196780      196781      196908      196907
        175054      196890      196891      197018      197017
        175055      196891      196892      197019      197018
        175056      196892      196893      197020      197019
        175057      196893      196894      197021      197020
        175058      196894      196895      197022      197021
        175059      196895      196896      197023      197022
        175060      196896      196897      197024      197023
        175061      196897      196898      197025      197024
        175062      196898      196899      197026      197025
        175063      196899      196900      197027      197026
        175064      196900      196901      197028      197027
        175065      196901      196902      197029      197028
        175066      196902      196903      197030      197029
        175067      196903      196904      197031      197030
        175068      196904      196905      197032      197031
        175069      196905      196906      197033      197032
        175070      196906      196907      197034      197033
        175071      196907      196908      197035      197034
        175072      196908      196909      197036      197035
        175179      197016      197017      197144      197143
        175180      197017      197018      197145      197144
        175181      197018      197019      197146      197145
        175182      197019      197020      197147      197146
        175183      197020      197021      197148      197147
        175184      197021      197022      197149      197148
        175185      197022      197023      197150      197149
        175186      197023      197024      197151      197150
        175187      197024      197025      197152      197151
        175188      197025      197026      197153      197152
        175189      197026      197027      197154      197153
        175190      197027      197028      197155      197154
        175191      197028      197029      197156      197155
        175192      197029      197030      197157      197156
        175193      197030      197031      197158      197157
        175194      197031      197032      197159      197158
        175195      197032      197033      197160      197159
        175196      197033      197034      197161      197160
        175197      197034      197035      197162      197161
        175198      197035      197036      197163      197162
        175199      197036      197037      197164      197163
        175305      197143      197144      197271      197270
        175306      197144      197145      197272      197271
        175307      197145      197146      197273      197272
        175308      197146      197147      197274      197273
        175309      197147      197148      197275      197274
        175310      197148      197149      197276      197275
        175311      197149      197150      197277      197276
        175312      197150      197151      197278      197277
        175313      197151      197152      197279      197278
        175314      197152      197153      197280      197279
        175315      197153      197154      197281      197280
        175316      197154      197155      197282      197281
        175317      197155      197156      197283      197282
        175318      197156      197157      197284      197283
        175319      197157      197158      197285      197284
        175320      197158      197159      197286      197285
        175321      197159      197160      197287      197286
        175322      197160      197161      197288      197287
        175323      197161      197162      197289      197288
        175324      197162      197163      197290      197289
        175325      197163      197164      197291      197290
        175432      197271      197272      197399      197398
        175433      197272      197273      197400      197399
        175434      197273      197274      197401      197400
        175435      197274      197275      197402      197401
        175436      197275      197276      197403      197402
        175437      197276      197277      197404      197403
        175438      197277      197278      197405      197404
        175439      197278      197279      197406      197405
        175440      197279      197280      197407      197406
        175441      197280      197281      197408      197407
        175442      197281      197282      197409      197408
        175443      197282      197283      197410      197409
        175444      197283      197284      197411      197410
        175445      197284      197285      197412      197411
        175446      197285      197286      197413      197412
        175447      197286      197287      197414      197413
        175448      197287      197288      197415      197414
        175449      197288      197289      197416      197415
        175450      197289      197290      197417      197416
        175451      197290      197291      197418      197417
        175558      197398      197399      197526      197525
        175559      197399      197400      197527      197526
        175560      197400      197401      197528      197527
        175561      197401      197402      197529      197528
        175562      197402      197403      197530      197529
        175563      197403      197404      197531      197530
        175564      197404      197405      197532      197531
        175565      197405      197406      197533      197532
        175566      197406      197407      197534      197533
        175567      197407      197408      197535      197534
        175568      197408      197409      197536      197535
        175569      197409      197410      197537      197536
        175570      197410      197411      197538      197537
        175571      197411      197412      197539      197538
        175572      197412      197413      197540      197539
        175573      197413      197414      197541      197540
        175574      197414      197415      197542      197541
        175575      197415      197416      197543      197542
        175576      197416      197417      197544      197543
        175577      197417      197418      197545      197544
        175578      197418      197419      197546      197545
        175685      197526      197527      197654      197653
        175686      197527      197528      197655      197654
        175687      197528      197529      197656      197655
        175688      197529      197530      197657      197656
        175689      197530      197531      197658      197657
        175690      197531      197532      197659      197658
        175691      197532      197533      197660      197659
        175692      197533      197534      197661      197660
        175693      197534      197535      197662      197661
        175694      197535      197536      197663      197662
        175695      197536      197537      197664      197663
        175696      197537      197538      197665      197664
        175697      197538      197539      197666      197665
        175698      197539      197540      197667      197666
        175699      197540      197541      197668      197667
        175700      197541      197542      197669      197668
        175701      197542      197543      197670      197669
        175702      197543      197544      197671      197670
        175703      197544      197545      197672      197671
        175704      197545      197546      197673      197672
        175810      197652      197653      197780      197779
        175811      197653      197654      197781      197780
        175812      197654      197655      197782      197781
        175813      197655      197656      197783      197782
        175814      197656      197657      197784      197783
        175815      197657      197658      197785      197784
        175816      197658      197659      197786      197785
        175817      197659      197660      197787      197786
        175818      197660      197661      197788      197787
        175819      197661      197662      197789      197788
        175820      197662      197663      197790      197789
        175821      197663      197664      197791      197790
        175822      197664      197665      197792      197791
        175823      197665      197666      197793      197792
        175824      197666      197667      197794      197793
        175825      197667      197668      197795      197794
        175826      197668      197669      197796      197795
        175827      197669      197670      197797      197796
        175828      197670      197671      197798      197797
        175829      197671      197672      197799      197798
        175830      197672      197673      197800      197799
        175936      197779      197780      197907      197906
        175937      197780      197781      197908      197907
        175938      197781      197782      197909      197908
        175939      197782      197783      197910      197909
        175940      197783      197784      197911      197910
        175941      197784      197785      197912      197911
        175942      197785      197786      197913      197912
        175943      197786      197787      197914      197913
        175944      197787      197788      197915      197914
        175945      197788      197789      197916      197915
        175946      197789      197790      197917      197916
        175947      197790      197791      197918      197917
        175948      197791      197792      197919      197918
        175949      197792      197793      197920      197919
        175950      197793      197794      197921      197920
        175951      197794      197795      197922      197921
        175952      197795      197796      197923      197922
        175953      197796      197797      197924      197923
        175954      197797      197798      197925      197924
        175955      197798      197799      197926      197925
        175956      197799      197800      197927      197926
        176062      197906      197907      198034      198033
        176063      197907      197908      198035      198034
        176064      197908      197909      198036      198035
        176065      197909      197910      198037      198036
        176066      197910      197911      198038      198037
        176067      197911      197912      198039      198038
        176068      197912      197913      198040      198039
        176069      197913      197914      198041      198040
        176070      197914      197915      198042      198041
        176071      197915      197916      198043      198042
        176072      197916      197917      198044      198043
        176073      197917      197918      198045      198044
        176074      197918      197919      198046      198045
        176075      197919      197920      198047      198046
        176076      197920      197921      198048      198047
        176077      197921      197922      198049      198048
        176078      197922      197923      198050      198049
        176079      197923      197924      198051      198050
        176080      197924      197925      198052      198051
        176081      197925      197926      198053      198052
        176082      197926      197927      198054      198053
        176083      197927      197928      198055      198054
        176084      197928      197929      198056      198055
        176085      197929      197930      198057      198056
        176188      198033      198034      198161      198160
        176189      198034      198035      198162      198161
        176190      198035      198036      198163      198162
        176191      198036      198037      198164      198163
        176192      198037      198038      198165      198164
        176193      198038      198039      198166      198165
        176194      198039      198040      198167      198166
        176195      198040      198041      198168      198167
        176196      198041      198042      198169      198168
        176197      198042      198043      198170      198169
        176198      198043      198044      198171      198170
        176199      198044      198045      198172      198171
        176200      198045      198046      198173      198172
        176201      198046      198047      198174      198173
        176202      198047      198048      198175      198174
        176203      198048      198049      198176      198175
        176204      198049      198050      198177      198176
        176205      198050      198051      198178      198177
        176206      198051      198052      198179      198178
        176207      198052      198053      198180      198179
        176208      198053      198054      198181      198180
        176209      198054      198055      198182      198181
        176210      198055      198056      198183      198182
        176211      198056      198057      198184      198183
        176314      198160      198161      198288      198287
        176315      198161      198162      198289      198288
        176316      198162      198163      198290      198289
        176317      198163      198164      198291      198290
        176318      198164      198165      198292      198291
        176319      198165      198166      198293      198292
        176320      198166      198167      198294      198293
        176321      198167      198168      198295      198294
        176322      198168      198169      198296      198295
        176323      198169      198170      198297      198296
        176324      198170      198171      198298      198297
        176325      198171      198172      198299      198298
        176326      198172      198173      198300      198299
        176327      198173      198174      198301      198300
        176328      198174      198175      198302      198301
        176329      198175      198176      198303      198302
        176330      198176      198177      198304      198303
        176331      198177      198178      198305      198304
        176332      198178      198179      198306      198305
        176333      198179      198180      198307      198306
        176334      198180      198181      198308      198307
        176335      198181      198182      198309      198308
        176336      198182      198183      198310      198309
        176337      198183      198184      198311      198310
        176439      198286      198287      198414      198413
        176440      198287      198288      198415      198414
        176441      198288      198289      198416      198415
        176442      198289      198290      198417      198416
        176443      198290      198291      198418      198417
        176444      198291      198292      198419      198418
        176445      198292      198293      198420      198419
        176446      198293      198294      198421      198420
        176447      198294      198295      198422      198421
        176448      198295      198296      198423      198422
        176449      198296      198297      198424      198423
        176450      198297      198298      198425      198424
        176451      198298      198299      198426      198425
        176452      198299      198300      198427      198426
        176453      198300      198301      198428      198427
        176454      198301      198302      198429      198428
        176455      198302      198303      198430      198429
        176456      198303      198304      198431      198430
        176457      198304      198305      198432      198431
        176458      198305      198306      198433      198432
        176459      198306      198307      198434      198433
        176460      198307      198308      198435      198434
        176461      198308      198309      198436      198435
        176462      198309      198310      198437      198436
        176463      198310      198311      198438      198437
        176566      198414      198415      198542      198541
        176567      198415      198416      198543      198542
        176568      198416      198417      198544      198543
        176569      198417      198418      198545      198544
        176570      198418      198419      198546      198545
        176571      198419      198420      198547      198546
        176572      198420      198421      198548      198547
        176573      198421      198422      198549      198548
        176574      198422      198423      198550      198549
        176575      198423      198424      198551      198550
        176576      198424      198425      198552      198551
        176577      198425      198426      198553      198552
        176578      198426      198427      198554      198553
        176579      198427      198428      198555      198554
        176580      198428      198429      198556      198555
        176581      198429      198430      198557      198556
        176582      198430      198431      198558      198557
        176583      198431      198432      198559      198558
        176584      198432      198433      198560      198559
        176585      198433      198434      198561      198560
        176586      198434      198435      198562      198561
        176587      198435      198436      198563      198562
        176588      198436      198437      198564      198563
        176589      198437      198438      198565      198564
        176691      198540      198541      198668      198667
        176692      198541      198542      198669      198668
        176693      198542      198543      198670      198669
        176694      198543      198544      198671      198670
        176695      198544      198545      198672      198671
        176696      198545      198546      198673      198672
        176697      198546      198547      198674      198673
        176698      198547      198548      198675      198674
        176699      198548      198549      198676      198675
        176700      198549      198550      198677      198676
        176701      198550      198551      198678      198677
        176702      198551      198552      198679      198678
        176703      198552      198553      198680      198679
        176704      198553      198554      198681      198680
        176705      198554      198555      198682      198681
        176706      198555      198556      198683      198682
        176707      198556      198557      198684      198683
        176708      198557      198558      198685      198684
        176709      198558      198559      198686      198685
        176710      198559      198560      198687      198686
        176711      198560      198561      198688      198687
        176712      198561      198562      198689      198688
        176713      198562      198563      198690      198689
        176714      198563      198564      198691      198690
        176715      198564      198565      198692      198691
        176818      198668      198669      198796      198795
        176819      198669      198670      198797      198796
        176820      198670      198671      198798      198797
        176821      198671      198672      198799      198798
        176822      198672      198673      198800      198799
        176823      198673      198674      198801      198800
        176824      198674      198675      198802      198801
        176825      198675      198676      198803      198802
        176826      198676      198677      198804      198803
        176827      198677      198678      198805      198804
        176828      198678      198679      198806      198805
        176829      198679      198680      198807      198806
        176830      198680      198681      198808      198807
        176831      198681      198682      198809      198808
        176832      198682      198683      198810      198809
        176833      198683      198684      198811      198810
        176834      198684      198685      198812      198811
        176835      198685      198686      198813      198812
        176836      198686      198687      198814      198813
        176837      198687      198688      198815      198814
        176838      198688      198689      198816      198815
        176839      198689      198690      198817      198816
        176840      198690      198691      198818      198817
        176841      198691      198692      198819      198818
        176945      198796      198797      198924      198923
        176946      198797      198798      198925      198924
        176947      198798      198799      198926      198925
        176948      198799      198800      198927      198926
        176949      198800      198801      198928      198927
        176950      198801      198802      198929      198928
        176951      198802      198803      198930      198929
        176952      198803      198804      198931      198930
        176953      198804      198805      198932      198931
        176954      198805      198806      198933      198932
        176955      198806      198807      198934      198933
        176956      198807      198808      198935      198934
        176957      198808      198809      198936      198935
        176958      198809      198810      198937      198936
        176959      198810      198811      198938      198937
        176960      198811      198812      198939      198938
        176961      198812      198813      198940      198939
        176962      198813      198814      198941      198940
        176963      198814      198815      198942      198941
        176964      198815      198816      198943      198942
        176965      198816      198817      198944      198943
        176966      198817      198818      198945      198944
        176967      198818      198819      198946      198945
        177072      198924      198925      199052      199051
        177073      198925      198926      199053      199052
        177074      198926      198927      199054      199053
        177075      198927      198928      199055      199054
        177076      198928      198929      199056      199055
        177077      198929      198930      199057      199056
        177078      198930      198931      199058      199057
        177079      198931      198932      199059      199058
        177080      198932      198933      199060      199059
        177081      198933      198934      199061      199060
        177082      198934      198935      199062      199061
        177083      198935      198936      199063      199062
        177084      198936      198937      199064      199063
        177085      198937      198938      199065      199064
        177086      198938      198939      199066      199065
        177087      198939      198940      199067      199066
        177088      198940      198941      199068      199067
        177089      198941      198942      199069      199068
        177090      198942      198943      199070      199069
        177091      198943      198944      199071      199070
        177092      198944      198945      199072      199071
        177093      198945      198946      199073      199072
        177198      199051      199052      199179      199178
        177199      199052      199053      199180      199179
        177200      199053      199054      199181      199180
        177201      199054      199055      199182      199181
        177202      199055      199056      199183      199182
        177203      199056      199057      199184      199183
        177204      199057      199058      199185      199184
        177205      199058      199059      199186      199185
        177206      199059      199060      199187      199186
        177207      199060      199061      199188      199187
        177208      199061      199062      199189      199188
        177209      199062      199063      199190      199189
        177210      199063      199064      199191      199190
        177211      199064      199065      199192      199191
        177212      199065      199066      199193      199192
        177213      199066      199067      199194      199193
        177214      199067      199068      199195      199194
        177215      199068      199069      199196      199195
        177216      199069      199070      199197      199196
        177217      199070      199071      199198      199197
        177218      199071      199072      199199      199198
        177219      199072      199073      199200      199199
        177325      199179      199180      199307      199306
        177326      199180      199181      199308      199307
        177327      199181      199182      199309      199308
        177328      199182      199183      199310      199309
        177329      199183      199184      199311      199310
        177330      199184      199185      199312      199311
        177331      199185      199186      199313      199312
        177332      199186      199187      199314      199313
        177333      199187      199188      199315      199314
        177334      199188      199189      199316      199315
        177335      199189      199190      199317      199316
        177336      199190      199191      199318      199317
        177337      199191      199192      199319      199318
        177338      199192      199193      199320      199319
        177339      199193      199194      199321      199320
        177340      199194      199195      199322      199321
        177341      199195      199196      199323      199322
        177342      199196      199197      199324      199323
        177343      199197      199198      199325      199324
        177344      199198      199199      199326      199325
        177345      199199      199200      199327      199326
        177450      199305      199306      199433      199432
        177451      199306      199307      199434      199433
        177452      199307      199308      199435      199434
        177453      199308      199309      199436      199435
        177454      199309      199310      199437      199436
        177455      199310      199311      199438      199437
        177456      199311      199312      199439      199438
        177457      199312      199313      199440      199439
        177458      199313      199314      199441      199440
        177459      199314      199315      199442      199441
        177460      199315      199316      199443      199442
        177461      199316      199317      199444      199443
        177462      199317      199318      199445      199444
        177463      199318      199319      199446      199445
        177464      199319      199320      199447      199446
        177465      199320      199321      199448      199447
        177466      199321      199322      199449      199448
        177467      199322      199323      199450      199449
        177468      199323      199324      199451      199450
        177469      199324      199325      199452      199451
        177470      199325      199326      199453      199452
        177471      199326      199327      199454      199453
        177576      199432      199433      199560      199559
        177577      199433      199434      199561      199560
        177578      199434      199435      199562      199561
        177579      199435      199436      199563      199562
        177580      199436      199437      199564      199563
        177581      199437      199438      199565      199564
        177582      199438      199439      199566      199565
        177583      199439      199440      199567      199566
        177584      199440      199441      199568      199567
        177585      199441      199442      199569      199568
        177586      199442      199443      199570      199569
        177587      199443      199444      199571      199570
        177588      199444      199445      199572      199571
        177589      199445      199446      199573      199572
        177590      199446      199447      199574      199573
        177591      199447      199448      199575      199574
        177592      199448      199449      199576      199575
        177593      199449      199450      199577      199576
        177594      199450      199451      199578      199577
        177595      199451      199452      199579      199578
        177596      199452      199453      199580      199579
        177597      199453      199454      199581      199580
        177702      199559      199560      199687      199686
        177703      199560      199561      199688      199687
        177704      199561      199562      199689      199688
        177705      199562      199563      199690      199689
        177706      199563      199564      199691      199690
        177707      199564      199565      199692      199691
        177708      199565      199566      199693      199692
        177709      199566      199567      199694      199693
        177710      199567      199568      199695      199694
        177711      199568      199569      199696      199695
        177712      199569      199570      199697      199696
        177713      199570      199571      199698      199697
        177714      199571      199572      199699      199698
        177715      199572      199573      199700      199699
        177716      199573      199574      199701      199700
        177717      199574      199575      199702      199701
        177718      199575      199576      199703      199702
        177719      199576      199577      199704      199703
        177720      199577      199578      199705      199704
        177721      199578      199579      199706      199705
        177722      199579      199580      199707      199706
        177723      199580      199581      199708      199707
        177828      199686      199687      199814      199813
        177829      199687      199688      199815      199814
        177830      199688      199689      199816      199815
        177831      199689      199690      199817      199816
        177832      199690      199691      199818      199817
        177833      199691      199692      199819      199818
        177834      199692      199693      199820      199819
        177835      199693      199694      199821      199820
        177836      199694      199695      199822      199821
        177837      199695      199696      199823      199822
        177838      199696      199697      199824      199823
        177839      199697      199698      199825      199824
        177840      199698      199699      199826      199825
        177841      199699      199700      199827      199826
        177842      199700      199701      199828      199827
        177843      199701      199702      199829      199828
        177844      199702      199703      199830      199829
        177845      199703      199704      199831      199830
        177846      199704      199705      199832      199831
        177847      199705      199706      199833      199832
        177848      199706      199707      199834      199833
        177849      199707      199708      199835      199834
        177955      199814      199815      199942      199941
        177956      199815      199816      199943      199942
        177957      199816      199817      199944      199943
        177958      199817      199818      199945      199944
        177959      199818      199819      199946      199945
        177960      199819      199820      199947      199946
        177961      199820      199821      199948      199947
        177962      199821      199822      199949      199948
        177963      199822      199823      199950      199949
        177964      199823      199824      199951      199950
        177965      199824      199825      199952      199951
        177966      199825      199826      199953      199952
        177967      199826      199827      199954      199953
        177968      199827      199828      199955      199954
        177969      199828      199829      199956      199955
        177970      199829      199830      199957      199956
        177971      199830      199831      199958      199957
        177972      199831      199832      199959      199958
        177973      199832      199833      199960      199959
        177974      199833      199834      199961      199960
        177975      199834      199835      199962      199961
        178081      199941      199942      200069      200068
        178082      199942      199943      200070      200069
        178083      199943      199944      200071      200070
        178084      199944      199945      200072      200071
        178085      199945      199946      200073      200072
        178086      199946      199947      200074      200073
        178087      199947      199948      200075      200074
        178088      199948      199949      200076      200075
        178089      199949      199950      200077      200076
        178090      199950      199951      200078      200077
        178091      199951      199952      200079      200078
        178092      199952      199953      200080      200079
        178093      199953      199954      200081      200080
        178094      199954      199955      200082      200081
        178095      199955      199956      200083      200082
        178096      199956      199957      200084      200083
        178097      199957      199958      200085      200084
        178098      199958      199959      200086      200085
        178099      199959      199960      200087      200086
        178100      199960      199961      200088      200087
        178101      199961      199962      200089      200088
        178207      200068      200069      200196      200195
        178208      200069      200070      200197      200196
        178209      200070      200071      200198      200197
        178210      200071      200072      200199      200198
        178211      200072      200073      200200      200199
        178212      200073      200074      200201      200200
        178213      200074      200075      200202      200201
        178214      200075      200076      200203      200202
        178215      200076      200077      200204      200203
        178216      200077      200078      200205      200204
        178217      200078      200079      200206      200205
        178218      200079      200080      200207      200206
        178219      200080      200081      200208      200207
        178220      200081      200082      200209      200208
        178221      200082      200083      200210      200209
        178222      200083      200084      200211      200210
        178223      200084      200085      200212      200211
        178224      200085      200086      200213      200212
        178225      200086      200087      200214      200213
        178226      200087      200088      200215      200214
        178227      200088      200089      200216      200215
        178332      200194      200195      200322      200321
        178333      200195      200196      200323      200322
        178334      200196      200197      200324      200323
        178335      200197      200198      200325      200324
        178336      200198      200199      200326      200325
        178337      200199      200200      200327      200326
        178338      200200      200201      200328      200327
        178339      200201      200202      200329      200328
        178340      200202      200203      200330      200329
        178341      200203      200204      200331      200330
        178342      200204      200205      200332      200331
        178343      200205      200206      200333      200332
        178344      200206      200207      200334      200333
        178345      200207      200208      200335      200334
        178346      200208      200209      200336      200335
        178347      200209      200210      200337      200336
        178348      200210      200211      200338      200337
        178349      200211      200212      200339      200338
        178350      200212      200213      200340      200339
        178351      200213      200214      200341      200340
        178352      200214      200215      200342      200341
        178353      200215      200216      200343      200342
        178458      200321      200322      200449      200448
        178459      200322      200323      200450      200449
        178460      200323      200324      200451      200450
        178461      200324      200325      200452      200451
        178462      200325      200326      200453      200452
        178463      200326      200327      200454      200453
        178464      200327      200328      200455      200454
        178465      200328      200329      200456      200455
        178466      200329      200330      200457      200456
        178467      200330      200331      200458      200457
        178468      200331      200332      200459      200458
        178469      200332      200333      200460      200459
        178470      200333      200334      200461      200460
        178471      200334      200335      200462      200461
        178472      200335      200336      200463      200462
        178473      200336      200337      200464      200463
        178474      200337      200338      200465      200464
        178475      200338      200339      200466      200465
        178476      200339      200340      200467      200466
        178477      200340      200341      200468      200467
        178478      200341      200342      200469      200468
        178479      200342      200343      200470      200469
        178584      200448      200449      200576      200575
        178585      200449      200450      200577      200576
        178586      200450      200451      200578      200577
        178587      200451      200452      200579      200578
        178588      200452      200453      200580      200579
        178589      200453      200454      200581      200580
        178590      200454      200455      200582      200581
        178591      200455      200456      200583      200582
        178592      200456      200457      200584      200583
        178593      200457      200458      200585      200584
        178594      200458      200459      200586      200585
        178595      200459      200460      200587      200586
        178596      200460      200461      200588      200587
        178597      200461      200462      200589      200588
        178598      200462      200463      200590      200589
        178599      200463      200464      200591      200590
        178600      200464      200465      200592      200591
        178601      200465      200466      200593      200592
        178602      200466      200467      200594      200593
        178603      200467      200468      200595      200594
        178604      200468      200469      200596      200595
        178605      200469      200470      200597      200596
        178710      200575      200576      200703      200702
        178711      200576      200577      200704      200703
        178712      200577      200578      200705      200704
        178713      200578      200579      200706      200705
        178714      200579      200580      200707      200706
        178715      200580      200581      200708      200707
        178716      200581      200582      200709      200708
        178717      200582      200583      200710      200709
        178718      200583      200584      200711      200710
        178719      200584      200585      200712      200711
        178720      200585      200586      200713      200712
        178721      200586      200587      200714      200713
        178722      200587      200588      200715      200714
        178723      200588      200589      200716      200715
        178724      200589      200590      200717      200716
        178725      200590      200591      200718      200717
        178726      200591      200592      200719      200718
        178727      200592      200593      200720      200719
        178728      200593      200594      200721      200720
        178729      200594      200595      200722      200721
        178730      200595      200596      200723      200722
        178731      200596      200597      200724      200723
        178837      200703      200704      200831      200830
        178838      200704      200705      200832      200831
        178839      200705      200706      200833      200832
        178840      200706      200707      200834      200833
        178841      200707      200708      200835      200834
        178842      200708      200709      200836      200835
        178843      200709      200710      200837      200836
        178844      200710      200711      200838      200837
        178845      200711      200712      200839      200838
        178846      200712      200713      200840      200839
        178847      200713      200714      200841      200840
        178848      200714      200715      200842      200841
        178849      200715      200716      200843      200842
        178850      200716      200717      200844      200843
        178851      200717      200718      200845      200844
        178852      200718      200719      200846      200845
        178853      200719      200720      200847      200846
        178854      200720      200721      200848      200847
        178855      200721      200722      200849      200848
        178856      200722      200723      200850      200849
        178857      200723      200724      200851      200850
        178964      200831      200832      200959      200958
        178965      200832      200833      200960      200959
        178966      200833      200834      200961      200960
        178967      200834      200835      200962      200961
        178968      200835      200836      200963      200962
        178969      200836      200837      200964      200963
        178970      200837      200838      200965      200964
        178971      200838      200839      200966      200965
        178972      200839      200840      200967      200966
        178973      200840      200841      200968      200967
        178974      200841      200842      200969      200968
        178975      200842      200843      200970      200969
        178976      200843      200844      200971      200970
        178977      200844      200845      200972      200971
        178978      200845      200846      200973      200972
        178979      200846      200847      200974      200973
        178980      200847      200848      200975      200974
        178981      200848      200849      200976      200975
        178982      200849      200850      200977      200976
        178983      200850      200851      200978      200977
        179091      200959      200960      201087      201086
        179092      200960      200961      201088      201087
        179093      200961      200962      201089      201088
        179094      200962      200963      201090      201089
        179095      200963      200964      201091      201090
        179096      200964      200965      201092      201091
        179097      200965      200966      201093      201092
        179098      200966      200967      201094      201093
        179099      200967      200968      201095      201094
        179100      200968      200969      201096      201095
        179101      200969      200970      201097      201096
        179102      200970      200971      201098      201097
        179103      200971      200972      201099      201098
        179104      200972      200973      201100      201099
        179105      200973      200974      201101      201100
        179106      200974      200975      201102      201101
        179107      200975      200976      201103      201102
        179108      200976      200977      201104      201103
        179109      200977      200978      201105      201104
        179216      201085      201086      201213      201212
        179217      201086      201087      201214      201213
        179218      201087      201088      201215      201214
        179219      201088      201089      201216      201215
        179220      201089      201090      201217      201216
        179221      201090      201091      201218      201217
        179222      201091      201092      201219      201218
        179223      201092      201093      201220      201219
        179224      201093      201094      201221      201220
        179225      201094      201095      201222      201221
        179226      201095      201096      201223      201222
        179227      201096      201097      201224      201223
        179228      201097      201098      201225      201224
        179229      201098      201099      201226      201225
        179230      201099      201100      201227      201226
        179231      201100      201101      201228      201227
        179232      201101      201102      201229      201228
        179233      201102      201103      201230      201229
        179234      201103      201104      201231      201230
        179235      201104      201105      201232      201231
        179342      201212      201213      201340      201339
        179343      201213      201214      201341      201340
        179344      201214      201215      201342      201341
        179345      201215      201216      201343      201342
        179346      201216      201217      201344      201343
        179347      201217      201218      201345      201344
        179348      201218      201219      201346      201345
        179349      201219      201220      201347      201346
        179350      201220      201221      201348      201347
        179351      201221      201222      201349      201348
        179352      201222      201223      201350      201349
        179353      201223      201224      201351      201350
        179354      201224      201225      201352      201351
        179355      201225      201226      201353      201352
        179356      201226      201227      201354      201353
        179357      201227      201228      201355      201354
        179358      201228      201229      201356      201355
        179359      201229      201230      201357      201356
        179360      201230      201231      201358      201357
        179361      201231      201232      201359      201358
        179468      201339      201340      201467      201466
        179469      201340      201341      201468      201467
        179470      201341      201342      201469      201468
        179471      201342      201343      201470      201469
        179472      201343      201344      201471      201470
        179473      201344      201345      201472      201471
        179474      201345      201346      201473      201472
        179475      201346      201347      201474      201473
        179476      201347      201348      201475      201474
        179477      201348      201349      201476      201475
        179478      201349      201350      201477      201476
        179479      201350      201351      201478      201477
        179480      201351      201352      201479      201478
        179481      201352      201353      201480      201479
        179482      201353      201354      201481      201480
        179483      201354      201355      201482      201481
        179484      201355      201356      201483      201482
        179485      201356      201357      201484      201483
        179486      201357      201358      201485      201484
        179487      201358      201359      201486      201485
        179594      201466      201467      201594      201593
        179595      201467      201468      201595      201594
        179596      201468      201469      201596      201595
        179597      201469      201470      201597      201596
        179598      201470      201471      201598      201597
        179599      201471      201472      201599      201598
        179600      201472      201473      201600      201599
        179601      201473      201474      201601      201600
        179602      201474      201475      201602      201601
        179603      201475      201476      201603      201602
        179604      201476      201477      201604      201603
        179605      201477      201478      201605      201604
        179606      201478      201479      201606      201605
        179607      201479      201480      201607      201606
        179608      201480      201481      201608      201607
        179609      201481      201482      201609      201608
        179610      201482      201483      201610      201609
        179611      201483      201484      201611      201610
        179612      201484      201485      201612      201611
        179613      201485      201486      201613      201612
        179720      201593      201594      201721      201720
        179721      201594      201595      201722      201721
        179722      201595      201596      201723      201722
        179723      201596      201597      201724      201723
        179724      201597      201598      201725      201724
        179725      201598      201599      201726      201725
        179726      201599      201600      201727      201726
        179727      201600      201601      201728      201727
        179728      201601      201602      201729      201728
        179729      201602      201603      201730      201729
        179730      201603      201604      201731      201730
        179731      201604      201605      201732      201731
        179732      201605      201606      201733      201732
        179733      201606      201607      201734      201733
        179734      201607      201608      201735      201734
        179735      201608      201609      201736      201735
        179736      201609      201610      201737      201736
        179737      201610      201611      201738      201737
        179738      201611      201612      201739      201738
        179739      201612      201613      201740      201739
        179846      201720      201721      201848      201847
        179847      201721      201722      201849      201848
        179848      201722      201723      201850      201849
        179849      201723      201724      201851      201850
        179850      201724      201725      201852      201851
        179851      201725      201726      201853      201852
        179852      201726      201727      201854      201853
        179853      201727      201728      201855      201854
        179854      201728      201729      201856      201855
        179855      201729      201730      201857      201856
        179856      201730      201731      201858      201857
        179857      201731      201732      201859      201858
        179858      201732      201733      201860      201859
        179859      201733      201734      201861      201860
        179860      201734      201735      201862      201861
        179861      201735      201736      201863      201862
        179862      201736      201737      201864      201863
        179863      201737      201738      201865      201864
        179864      201738      201739      201866      201865
        179865      201739      201740      201867      201866
        179973      201848      201849      201976      201975
        179974      201849      201850      201977      201976
        179975      201850      201851      201978      201977
        179976      201851      201852      201979      201978
        179977      201852      201853      201980      201979
        179978      201853      201854      201981      201980
        179979      201854      201855      201982      201981
        179980      201855      201856      201983      201982
        179981      201856      201857      201984      201983
        179982      201857      201858      201985      201984
        179983      201858      201859      201986      201985
        179984      201859      201860      201987      201986
        179985      201860      201861      201988      201987
        179986      201861      201862      201989      201988
        179987      201862      201863      201990      201989
        179988      201863      201864      201991      201990
        179989      201864      201865      201992      201991
        179990      201865      201866      201993      201992
        179991      201866      201867      201994      201993
        180099      201975      201976      202103      202102
        180100      201976      201977      202104      202103
        180101      201977      201978      202105      202104
        180102      201978      201979      202106      202105
        180103      201979      201980      202107      202106
        180104      201980      201981      202108      202107
        180105      201981      201982      202109      202108
        180106      201982      201983      202110      202109
        180107      201983      201984      202111      202110
        180108      201984      201985      202112      202111
        180109      201985      201986      202113      202112
        180110      201986      201987      202114      202113
        180111      201987      201988      202115      202114
        180112      201988      201989      202116      202115
        180113      201989      201990      202117      202116
        180114      201990      201991      202118      202117
        180115      201991      201992      202119      202118
        180116      201992      201993      202120      202119
        180117      201993      201994      202121      202120
        180225      202102      202103      202230      202229
        180226      202103      202104      202231      202230
        180227      202104      202105      202232      202231
        180228      202105      202106      202233      202232
        180229      202106      202107      202234      202233
        180230      202107      202108      202235      202234
        180231      202108      202109      202236      202235
        180232      202109      202110      202237      202236
        180233      202110      202111      202238      202237
        180234      202111      202112      202239      202238
        180235      202112      202113      202240      202239
        180236      202113      202114      202241      202240
        180237      202114      202115      202242      202241
        180238      202115      202116      202243      202242
        180239      202116      202117      202244      202243
        180240      202117      202118      202245      202244
        180241      202118      202119      202246      202245
        180242      202119      202120      202247      202246
        180243      202120      202121      202248      202247
        180351      202229      202230      202357      202356
        180352      202230      202231      202358      202357
        180353      202231      202232      202359      202358
        180354      202232      202233      202360      202359
        180355      202233      202234      202361      202360
        180356      202234      202235      202362      202361
        180357      202235      202236      202363      202362
        180358      202236      202237      202364      202363
        180359      202237      202238      202365      202364
        180360      202238      202239      202366      202365
        180361      202239      202240      202367      202366
        180362      202240      202241      202368      202367
        180363      202241      202242      202369      202368
        180364      202242      202243      202370      202369
        180365      202243      202244      202371      202370
        180366      202244      202245      202372      202371
        180367      202245      202246      202373      202372
        180368      202246      202247      202374      202373
        180369      202247      202248      202375      202374
        180477      202356      202357      202484      202483
        180478      202357      202358      202485      202484
        180479      202358      202359      202486      202485
        180480      202359      202360      202487      202486
        180481      202360      202361      202488      202487
        180482      202361      202362      202489      202488
        180483      202362      202363      202490      202489
        180484      202363      202364      202491      202490
        180485      202364      202365      202492      202491
        180486      202365      202366      202493      202492
        180487      202366      202367      202494      202493
        180488      202367      202368      202495      202494
        180489      202368      202369      202496      202495
        180490      202369      202370      202497      202496
        180491      202370      202371      202498      202497
        180492      202371      202372      202499      202498
        180493      202372      202373      202500      202499
        180494      202373      202374      202501      202500
        180495      202374      202375      202502      202501
        180602      202482      202483      202610      202609
        180603      202483      202484      202611      202610
        180604      202484      202485      202612      202611
        180605      202485      202486      202613      202612
        180606      202486      202487      202614      202613
        180607      202487      202488      202615      202614
        180608      202488      202489      202616      202615
        180609      202489      202490      202617      202616
        180610      202490      202491      202618      202617
        180611      202491      202492      202619      202618
        180612      202492      202493      202620      202619
        180613      202493      202494      202621      202620
        180614      202494      202495      202622      202621
        180615      202495      202496      202623      202622
        180616      202496      202497      202624      202623
        180617      202497      202498      202625      202624
        180618      202498      202499      202626      202625
        180619      202499      202500      202627      202626
        180620      202500      202501      202628      202627
        180621      202501      202502      202629      202628
        180729      202610      202611      202738      202737
        180730      202611      202612      202739      202738
        180731      202612      202613      202740      202739
        180732      202613      202614      202741      202740
        180733      202614      202615      202742      202741
        180734      202615      202616      202743      202742
        180735      202616      202617      202744      202743
        180736      202617      202618      202745      202744
        180737      202618      202619      202746      202745
        180738      202619      202620      202747      202746
        180739      202620      202621      202748      202747
        180740      202621      202622      202749      202748
        180741      202622      202623      202750      202749
        180742      202623      202624      202751      202750
        180743      202624      202625      202752      202751
        180744      202625      202626      202753      202752
        180745      202626      202627      202754      202753
        180746      202627      202628      202755      202754
        180747      202628      202629      202756      202755
