501  
        176464      198311      198312      198439      198438
        176465      198312      198313      198440      198439
        176466      198313      198314      198441      198440
        176590      198438      198439      198566      198565
        176591      198439      198440      198567      198566
        176592      198440      198441      198568      198567
        176593      198441      198442      198569      198568
        176716      198565      198566      198693      198692
        176717      198566      198567      198694      198693
        176718      198567      198568      198695      198694
        176719      198568      198569      198696      198695
        176842      198692      198693      198820      198819
        176843      198693      198694      198821      198820
        176844      198694      198695      198822      198821
        176845      198695      198696      198823      198822
        176968      198819      198820      198947      198946
        176969      198820      198821      198948      198947
        176970      198821      198822      198949      198948
        176971      198822      198823      198950      198949
        176973      198824      198825      198952      198951
        177094      198946      198947      199074      199073
        177095      198947      198948      199075      199074
        177096      198948      198949      199076      199075
        177097      198949      198950      199077      199076
        177098      198950      198951      199078      199077
        177099      198951      198952      199079      199078
        177220      199073      199074      199201      199200
        177221      199074      199075      199202      199201
        177222      199075      199076      199203      199202
        177223      199076      199077      199204      199203
        177224      199077      199078      199205      199204
        177225      199078      199079      199206      199205
        177346      199200      199201      199328      199327
        177347      199201      199202      199329      199328
        177348      199202      199203      199330      199329
        177349      199203      199204      199331      199330
        177350      199204      199205      199332      199331
        177351      199205      199206      199333      199332
        177352      199206      199207      199334      199333
        177353      199207      199208      199335      199334
        177354      199208      199209      199336      199335
        177356      199210      199211      199338      199337
        177357      199211      199212      199339      199338
        177472      199327      199328      199455      199454
        177473      199328      199329      199456      199455
        177474      199329      199330      199457      199456
        177475      199330      199331      199458      199457
        177476      199331      199332      199459      199458
        177477      199332      199333      199460      199459
        177478      199333      199334      199461      199460
        177479      199334      199335      199462      199461
        177480      199335      199336      199463      199462
        177481      199336      199337      199464      199463
        177598      199454      199455      199582      199581
        177599      199455      199456      199583      199582
        177600      199456      199457      199584      199583
        177601      199457      199458      199585      199584
        177602      199458      199459      199586      199585
        177603      199459      199460      199587      199586
        177604      199460      199461      199588      199587
        177605      199461      199462      199589      199588
        177606      199462      199463      199590      199589
        177607      199463      199464      199591      199590
        177608      199464      199465      199592      199591
        177724      199581      199582      199709      199708
        177725      199582      199583      199710      199709
        177726      199583      199584      199711      199710
        177727      199584      199585      199712      199711
        177728      199585      199586      199713      199712
        177729      199586      199587      199714      199713
        177730      199587      199588      199715      199714
        177731      199588      199589      199716      199715
        177732      199589      199590      199717      199716
        177733      199590      199591      199718      199717
        177734      199591      199592      199719      199718
        177735      199592      199593      199720      199719
        177850      199708      199709      199836      199835
        177851      199709      199710      199837      199836
        177852      199710      199711      199838      199837
        177853      199711      199712      199839      199838
        177854      199712      199713      199840      199839
        177855      199713      199714      199841      199840
        177856      199714      199715      199842      199841
        177857      199715      199716      199843      199842
        177858      199716      199717      199844      199843
        177859      199717      199718      199845      199844
        177860      199718      199719      199846      199845
        177861      199719      199720      199847      199846
        177862      199720      199721      199848      199847
        177976      199835      199836      199963      199962
        177977      199836      199837      199964      199963
        177978      199837      199838      199965      199964
        177979      199838      199839      199966      199965
        177980      199839      199840      199967      199966
        177981      199840      199841      199968      199967
        177982      199841      199842      199969      199968
        177983      199842      199843      199970      199969
        177984      199843      199844      199971      199970
        177985      199844      199845      199972      199971
        177986      199845      199846      199973      199972
        177987      199846      199847      199974      199973
        177988      199847      199848      199975      199974
        178102      199962      199963      200090      200089
        178103      199963      199964      200091      200090
        178104      199964      199965      200092      200091
        178105      199965      199966      200093      200092
        178106      199966      199967      200094      200093
        178107      199967      199968      200095      200094
        178108      199968      199969      200096      200095
        178109      199969      199970      200097      200096
        178110      199970      199971      200098      200097
        178111      199971      199972      200099      200098
        178112      199972      199973      200100      200099
        178113      199973      199974      200101      200100
        178114      199974      199975      200102      200101
        178228      200089      200090      200217      200216
        178229      200090      200091      200218      200217
        178230      200091      200092      200219      200218
        178231      200092      200093      200220      200219
        178232      200093      200094      200221      200220
        178233      200094      200095      200222      200221
        178234      200095      200096      200223      200222
        178235      200096      200097      200224      200223
        178236      200097      200098      200225      200224
        178237      200098      200099      200226      200225
        178238      200099      200100      200227      200226
        178239      200100      200101      200228      200227
        178240      200101      200102      200229      200228
        178354      200216      200217      200344      200343
        178355      200217      200218      200345      200344
        178356      200218      200219      200346      200345
        178357      200219      200220      200347      200346
        178358      200220      200221      200348      200347
        178359      200221      200222      200349      200348
        178360      200222      200223      200350      200349
        178361      200223      200224      200351      200350
        178362      200224      200225      200352      200351
        178363      200225      200226      200353      200352
        178364      200226      200227      200354      200353
        178365      200227      200228      200355      200354
        178366      200228      200229      200356      200355
        178367      200229      200230      200357      200356
        178480      200343      200344      200471      200470
        178481      200344      200345      200472      200471
        178482      200345      200346      200473      200472
        178483      200346      200347      200474      200473
        178484      200347      200348      200475      200474
        178485      200348      200349      200476      200475
        178486      200349      200350      200477      200476
        178487      200350      200351      200478      200477
        178488      200351      200352      200479      200478
        178489      200352      200353      200480      200479
        178490      200353      200354      200481      200480
        178491      200354      200355      200482      200481
        178492      200355      200356      200483      200482
        178493      200356      200357      200484      200483
        178606      200470      200471      200598      200597
        178607      200471      200472      200599      200598
        178608      200472      200473      200600      200599
        178609      200473      200474      200601      200600
        178610      200474      200475      200602      200601
        178611      200475      200476      200603      200602
        178612      200476      200477      200604      200603
        178613      200477      200478      200605      200604
        178614      200478      200479      200606      200605
        178615      200479      200480      200607      200606
        178616      200480      200481      200608      200607
        178617      200481      200482      200609      200608
        178618      200482      200483      200610      200609
        178619      200483      200484      200611      200610
        178620      200484      200485      200612      200611
        178625      200489      200490      200617      200616
        178626      200490      200491      200618      200617
        178732      200597      200598      200725      200724
        178733      200598      200599      200726      200725
        178734      200599      200600      200727      200726
        178735      200600      200601      200728      200727
        178736      200601      200602      200729      200728
        178737      200602      200603      200730      200729
        178738      200603      200604      200731      200730
        178739      200604      200605      200732      200731
        178740      200605      200606      200733      200732
        178741      200606      200607      200734      200733
        178742      200607      200608      200735      200734
        178743      200608      200609      200736      200735
        178744      200609      200610      200737      200736
        178745      200610      200611      200738      200737
        178746      200611      200612      200739      200738
        178750      200615      200616      200743      200742
        178751      200616      200617      200744      200743
        178858      200724      200725      200852      200851
        178859      200725      200726      200853      200852
        178860      200726      200727      200854      200853
        178861      200727      200728      200855      200854
        178862      200728      200729      200856      200855
        178863      200729      200730      200857      200856
        178864      200730      200731      200858      200857
        178865      200731      200732      200859      200858
        178866      200732      200733      200860      200859
        178867      200733      200734      200861      200860
        178868      200734      200735      200862      200861
        178869      200735      200736      200863      200862
        178870      200736      200737      200864      200863
        178871      200737      200738      200865      200864
        178872      200738      200739      200866      200865
        178874      200740      200741      200868      200867
        178875      200741      200742      200869      200868
        178876      200742      200743      200870      200869
        178878      200744      200745      200872      200871
        178879      200745      200746      200873      200872
        178984      200851      200852      200979      200978
        178985      200852      200853      200980      200979
        178986      200853      200854      200981      200980
        178987      200854      200855      200982      200981
        178988      200855      200856      200983      200982
        178989      200856      200857      200984      200983
        178990      200857      200858      200985      200984
        178991      200858      200859      200986      200985
        178992      200859      200860      200987      200986
        178993      200860      200861      200988      200987
        178994      200861      200862      200989      200988
        178995      200862      200863      200990      200989
        178996      200863      200864      200991      200990
        178997      200864      200865      200992      200991
        178998      200865      200866      200993      200992
        178999      200866      200867      200994      200993
        179000      200867      200868      200995      200994
        179001      200868      200869      200996      200995
        179110      200978      200979      201106      201105
        179111      200979      200980      201107      201106
        179112      200980      200981      201108      201107
        179113      200981      200982      201109      201108
        179114      200982      200983      201110      201109
        179115      200983      200984      201111      201110
        179116      200984      200985      201112      201111
        179117      200985      200986      201113      201112
        179118      200986      200987      201114      201113
        179119      200987      200988      201115      201114
        179120      200988      200989      201116      201115
        179121      200989      200990      201117      201116
        179122      200990      200991      201118      201117
        179123      200991      200992      201119      201118
        179124      200992      200993      201120      201119
        179125      200993      200994      201121      201120
        179126      200994      200995      201122      201121
        179127      200995      200996      201123      201122
        179236      201105      201106      201233      201232
        179237      201106      201107      201234      201233
        179238      201107      201108      201235      201234
        179239      201108      201109      201236      201235
        179240      201109      201110      201237      201236
        179241      201110      201111      201238      201237
        179242      201111      201112      201239      201238
        179243      201112      201113      201240      201239
        179244      201113      201114      201241      201240
        179245      201114      201115      201242      201241
        179246      201115      201116      201243      201242
        179247      201116      201117      201244      201243
        179248      201117      201118      201245      201244
        179249      201118      201119      201246      201245
        179250      201119      201120      201247      201246
        179251      201120      201121      201248      201247
        179252      201121      201122      201249      201248
        179253      201122      201123      201250      201249
        179362      201232      201233      201360      201359
        179363      201233      201234      201361      201360
        179364      201234      201235      201362      201361
        179365      201235      201236      201363      201362
        179366      201236      201237      201364      201363
        179367      201237      201238      201365      201364
        179368      201238      201239      201366      201365
        179369      201239      201240      201367      201366
        179370      201240      201241      201368      201367
        179371      201241      201242      201369      201368
        179372      201242      201243      201370      201369
        179373      201243      201244      201371      201370
        179374      201244      201245      201372      201371
        179375      201245      201246      201373      201372
        179376      201246      201247      201374      201373
        179377      201247      201248      201375      201374
        179378      201248      201249      201376      201375
        179379      201249      201250      201377      201376
        179380      201250      201251      201378      201377
        179488      201359      201360      201487      201486
        179489      201360      201361      201488      201487
        179490      201361      201362      201489      201488
        179491      201362      201363      201490      201489
        179492      201363      201364      201491      201490
        179493      201364      201365      201492      201491
        179494      201365      201366      201493      201492
        179495      201366      201367      201494      201493
        179496      201367      201368      201495      201494
        179497      201368      201369      201496      201495
        179498      201369      201370      201497      201496
        179499      201370      201371      201498      201497
        179500      201371      201372      201499      201498
        179501      201372      201373      201500      201499
        179502      201373      201374      201501      201500
        179503      201374      201375      201502      201501
        179504      201375      201376      201503      201502
        179505      201376      201377      201504      201503
        179506      201377      201378      201505      201504
        179507      201378      201379      201506      201505
        179508      201379      201380      201507      201506
        179614      201486      201487      201614      201613
        179615      201487      201488      201615      201614
        179616      201488      201489      201616      201615
        179617      201489      201490      201617      201616
        179618      201490      201491      201618      201617
        179619      201491      201492      201619      201618
        179620      201492      201493      201620      201619
        179621      201493      201494      201621      201620
        179622      201494      201495      201622      201621
        179623      201495      201496      201623      201622
        179624      201496      201497      201624      201623
        179625      201497      201498      201625      201624
        179626      201498      201499      201626      201625
        179627      201499      201500      201627      201626
        179628      201500      201501      201628      201627
        179629      201501      201502      201629      201628
        179630      201502      201503      201630      201629
        179631      201503      201504      201631      201630
        179632      201504      201505      201632      201631
        179633      201505      201506      201633      201632
        179740      201613      201614      201741      201740
        179741      201614      201615      201742      201741
        179742      201615      201616      201743      201742
        179743      201616      201617      201744      201743
        179744      201617      201618      201745      201744
        179745      201618      201619      201746      201745
        179746      201619      201620      201747      201746
        179747      201620      201621      201748      201747
        179748      201621      201622      201749      201748
        179749      201622      201623      201750      201749
        179750      201623      201624      201751      201750
        179751      201624      201625      201752      201751
        179752      201625      201626      201753      201752
        179753      201626      201627      201754      201753
        179754      201627      201628      201755      201754
        179755      201628      201629      201756      201755
        179756      201629      201630      201757      201756
        179757      201630      201631      201758      201757
        179758      201631      201632      201759      201758
        179759      201632      201633      201760      201759
        179760      201633      201634      201761      201760
        179866      201740      201741      201868      201867
        179867      201741      201742      201869      201868
        179868      201742      201743      201870      201869
        179869      201743      201744      201871      201870
        179870      201744      201745      201872      201871
        179871      201745      201746      201873      201872
        179872      201746      201747      201874      201873
        179873      201747      201748      201875      201874
        179874      201748      201749      201876      201875
        179875      201749      201750      201877      201876
        179876      201750      201751      201878      201877
        179877      201751      201752      201879      201878
        179878      201752      201753      201880      201879
        179879      201753      201754      201881      201880
        179880      201754      201755      201882      201881
        179881      201755      201756      201883      201882
        179882      201756      201757      201884      201883
        179883      201757      201758      201885      201884
        179884      201758      201759      201886      201885
        179885      201759      201760      201887      201886
        179992      201867      201868      201995      201994
        179993      201868      201869      201996      201995
        179994      201869      201870      201997      201996
        179995      201870      201871      201998      201997
        179996      201871      201872      201999      201998
        179997      201872      201873      202000      201999
        179998      201873      201874      202001      202000
        179999      201874      201875      202002      202001
        180000      201875      201876      202003      202002
        180001      201876      201877      202004      202003
        180002      201877      201878      202005      202004
        180003      201878      201879      202006      202005
        180004      201879      201880      202007      202006
        180005      201880      201881      202008      202007
        180006      201881      201882      202009      202008
        180007      201882      201883      202010      202009
        180008      201883      201884      202011      202010
        180009      201884      201885      202012      202011
        180010      201885      201886      202013      202012
        180118      201994      201995      202122      202121
        180119      201995      201996      202123      202122
        180120      201996      201997      202124      202123
        180121      201997      201998      202125      202124
        180122      201998      201999      202126      202125
        180123      201999      202000      202127      202126
        180124      202000      202001      202128      202127
        180125      202001      202002      202129      202128
        180126      202002      202003      202130      202129
        180127      202003      202004      202131      202130
        180128      202004      202005      202132      202131
        180129      202005      202006      202133      202132
        180130      202006      202007      202134      202133
        180131      202007      202008      202135      202134
        180132      202008      202009      202136      202135
        180133      202009      202010      202137      202136
        180134      202010      202011      202138      202137
        180135      202011      202012      202139      202138
        180136      202012      202013      202140      202139
        180244      202121      202122      202249      202248
        180245      202122      202123      202250      202249
        180246      202123      202124      202251      202250
        180247      202124      202125      202252      202251
        180248      202125      202126      202253      202252
        180249      202126      202127      202254      202253
        180250      202127      202128      202255      202254
        180251      202128      202129      202256      202255
        180252      202129      202130      202257      202256
        180253      202130      202131      202258      202257
        180254      202131      202132      202259      202258
        180255      202132      202133      202260      202259
        180256      202133      202134      202261      202260
        180257      202134      202135      202262      202261
        180258      202135      202136      202263      202262
        180259      202136      202137      202264      202263
        180260      202137      202138      202265      202264
        180261      202138      202139      202266      202265
        180262      202139      202140      202267      202266
        180263      202140      202141      202268      202267
        180264      202141      202142      202269      202268
        180370      202248      202249      202376      202375
        180371      202249      202250      202377      202376
        180372      202250      202251      202378      202377
        180373      202251      202252      202379      202378
        180374      202252      202253      202380      202379
        180375      202253      202254      202381      202380
        180376      202254      202255      202382      202381
        180377      202255      202256      202383      202382
        180378      202256      202257      202384      202383
        180379      202257      202258      202385      202384
        180380      202258      202259      202386      202385
        180381      202259      202260      202387      202386
        180382      202260      202261      202388      202387
        180383      202261      202262      202389      202388
        180384      202262      202263      202390      202389
        180385      202263      202264      202391      202390
        180386      202264      202265      202392      202391
        180387      202265      202266      202393      202392
        180388      202266      202267      202394      202393
        180389      202267      202268      202395      202394
        180496      202375      202376      202503      202502
        180497      202376      202377      202504      202503
        180498      202377      202378      202505      202504
        180499      202378      202379      202506      202505
        180500      202379      202380      202507      202506
        180501      202380      202381      202508      202507
        180502      202381      202382      202509      202508
        180503      202382      202383      202510      202509
        180504      202383      202384      202511      202510
        180505      202384      202385      202512      202511
        180506      202385      202386      202513      202512
        180507      202386      202387      202514      202513
        180508      202387      202388      202515      202514
        180509      202388      202389      202516      202515
        180510      202389      202390      202517      202516
        180511      202390      202391      202518      202517
        180512      202391      202392      202519      202518
        180513      202392      202393      202520      202519
        180514      202393      202394      202521      202520
        180622      202502      202503      202630      202629
        180623      202503      202504      202631      202630
        180624      202504      202505      202632      202631
        180625      202505      202506      202633      202632
        180626      202506      202507      202634      202633
        180627      202507      202508      202635      202634
        180628      202508      202509      202636      202635
        180629      202509      202510      202637      202636
        180630      202510      202511      202638      202637
        180631      202511      202512      202639      202638
        180632      202512      202513      202640      202639
        180633      202513      202514      202641      202640
        180634      202514      202515      202642      202641
        180635      202515      202516      202643      202642
        180636      202516      202517      202644      202643
        180637      202517      202518      202645      202644
        180638      202518      202519      202646      202645
        180639      202519      202520      202647      202646
        180640      202520      202521      202648      202647
        180748      202629      202630      202757      202756
        180749      202630      202631      202758      202757
        180750      202631      202632      202759      202758
        180751      202632      202633      202760      202759
        180752      202633      202634      202761      202760
        180753      202634      202635      202762      202761
        180754      202635      202636      202763      202762
        180755      202636      202637      202764      202763
        180756      202637      202638      202765      202764
        180757      202638      202639      202766      202765
        180758      202639      202640      202767      202766
        180759      202640      202641      202768      202767
        180760      202641      202642      202769      202768
        180761      202642      202643      202770      202769
        180762      202643      202644      202771      202770
        180763      202644      202645      202772      202771
        180764      202645      202646      202773      202772
        180765      202646      202647      202774      202773
        180766      202647      202648      202775      202774
