1047  
        180874      202756      202757      202884      202883
        180875      202757      202758      202885      202884
        180876      202758      202759      202886      202885
        180877      202759      202760      202887      202886
        180878      202760      202761      202888      202887
        180879      202761      202762      202889      202888
        180880      202762      202763      202890      202889
        180881      202763      202764      202891      202890
        180882      202764      202765      202892      202891
        180883      202765      202766      202893      202892
        180884      202766      202767      202894      202893
        180885      202767      202768      202895      202894
        180886      202768      202769      202896      202895
        180887      202769      202770      202897      202896
        180888      202770      202771      202898      202897
        180889      202771      202772      202899      202898
        180890      202772      202773      202900      202899
        180891      202773      202774      202901      202900
        180892      202774      202775      202902      202901
        181000      202883      202884      203011      203010
        181001      202884      202885      203012      203011
        181002      202885      202886      203013      203012
        181003      202886      202887      203014      203013
        181004      202887      202888      203015      203014
        181005      202888      202889      203016      203015
        181006      202889      202890      203017      203016
        181007      202890      202891      203018      203017
        181008      202891      202892      203019      203018
        181009      202892      202893      203020      203019
        181010      202893      202894      203021      203020
        181011      202894      202895      203022      203021
        181012      202895      202896      203023      203022
        181013      202896      202897      203024      203023
        181014      202897      202898      203025      203024
        181015      202898      202899      203026      203025
        181016      202899      202900      203027      203026
        181017      202900      202901      203028      203027
        181126      203010      203011      203138      203137
        181127      203011      203012      203139      203138
        181128      203012      203013      203140      203139
        181129      203013      203014      203141      203140
        181130      203014      203015      203142      203141
        181131      203015      203016      203143      203142
        181132      203016      203017      203144      203143
        181133      203017      203018      203145      203144
        181134      203018      203019      203146      203145
        181135      203019      203020      203147      203146
        181136      203020      203021      203148      203147
        181137      203021      203022      203149      203148
        181138      203022      203023      203150      203149
        181139      203023      203024      203151      203150
        181140      203024      203025      203152      203151
        181141      203025      203026      203153      203152
        181142      203026      203027      203154      203153
        181143      203027      203028      203155      203154
        181144      203028      203029      203156      203155
        181252      203137      203138      203265      203264
        181253      203138      203139      203266      203265
        181254      203139      203140      203267      203266
        181255      203140      203141      203268      203267
        181256      203141      203142      203269      203268
        181257      203142      203143      203270      203269
        181258      203143      203144      203271      203270
        181259      203144      203145      203272      203271
        181260      203145      203146      203273      203272
        181261      203146      203147      203274      203273
        181262      203147      203148      203275      203274
        181263      203148      203149      203276      203275
        181264      203149      203150      203277      203276
        181265      203150      203151      203278      203277
        181266      203151      203152      203279      203278
        181267      203152      203153      203280      203279
        181268      203153      203154      203281      203280
        181269      203154      203155      203282      203281
        181270      203155      203156      203283      203282
        181271      203156      203157      203284      203283
        181378      203264      203265      203392      203391
        181379      203265      203266      203393      203392
        181380      203266      203267      203394      203393
        181381      203267      203268      203395      203394
        181382      203268      203269      203396      203395
        181383      203269      203270      203397      203396
        181384      203270      203271      203398      203397
        181385      203271      203272      203399      203398
        181386      203272      203273      203400      203399
        181387      203273      203274      203401      203400
        181388      203274      203275      203402      203401
        181389      203275      203276      203403      203402
        181390      203276      203277      203404      203403
        181391      203277      203278      203405      203404
        181392      203278      203279      203406      203405
        181393      203279      203280      203407      203406
        181394      203280      203281      203408      203407
        181395      203281      203282      203409      203408
        181396      203282      203283      203410      203409
        181397      203283      203284      203411      203410
        181504      203391      203392      203519      203518
        181505      203392      203393      203520      203519
        181506      203393      203394      203521      203520
        181507      203394      203395      203522      203521
        181508      203395      203396      203523      203522
        181509      203396      203397      203524      203523
        181510      203397      203398      203525      203524
        181511      203398      203399      203526      203525
        181512      203399      203400      203527      203526
        181513      203400      203401      203528      203527
        181514      203401      203402      203529      203528
        181515      203402      203403      203530      203529
        181516      203403      203404      203531      203530
        181517      203404      203405      203532      203531
        181518      203405      203406      203533      203532
        181519      203406      203407      203534      203533
        181520      203407      203408      203535      203534
        181521      203408      203409      203536      203535
        181522      203409      203410      203537      203536
        181523      203410      203411      203538      203537
        181630      203518      203519      203646      203645
        181631      203519      203520      203647      203646
        181632      203520      203521      203648      203647
        181633      203521      203522      203649      203648
        181634      203522      203523      203650      203649
        181635      203523      203524      203651      203650
        181636      203524      203525      203652      203651
        181637      203525      203526      203653      203652
        181638      203526      203527      203654      203653
        181639      203527      203528      203655      203654
        181640      203528      203529      203656      203655
        181641      203529      203530      203657      203656
        181642      203530      203531      203658      203657
        181643      203531      203532      203659      203658
        181644      203532      203533      203660      203659
        181645      203533      203534      203661      203660
        181646      203534      203535      203662      203661
        181647      203535      203536      203663      203662
        181756      203645      203646      203773      203772
        181757      203646      203647      203774      203773
        181758      203647      203648      203775      203774
        181759      203648      203649      203776      203775
        181760      203649      203650      203777      203776
        181761      203650      203651      203778      203777
        181762      203651      203652      203779      203778
        181763      203652      203653      203780      203779
        181764      203653      203654      203781      203780
        181765      203654      203655      203782      203781
        181766      203655      203656      203783      203782
        181767      203656      203657      203784      203783
        181768      203657      203658      203785      203784
        181769      203658      203659      203786      203785
        181770      203659      203660      203787      203786
        181771      203660      203661      203788      203787
        181772      203661      203662      203789      203788
        181773      203662      203663      203790      203789
        181774      203663      203664      203791      203790
        181882      203772      203773      203900      203899
        181883      203773      203774      203901      203900
        181884      203774      203775      203902      203901
        181885      203775      203776      203903      203902
        181886      203776      203777      203904      203903
        181887      203777      203778      203905      203904
        181888      203778      203779      203906      203905
        181889      203779      203780      203907      203906
        181890      203780      203781      203908      203907
        181891      203781      203782      203909      203908
        181892      203782      203783      203910      203909
        181893      203783      203784      203911      203910
        181894      203784      203785      203912      203911
        181895      203785      203786      203913      203912
        181896      203786      203787      203914      203913
        181897      203787      203788      203915      203914
        181898      203788      203789      203916      203915
        182008      203899      203900      204027      204026
        182009      203900      203901      204028      204027
        182010      203901      203902      204029      204028
        182011      203902      203903      204030      204029
        182012      203903      203904      204031      204030
        182013      203904      203905      204032      204031
        182014      203905      203906      204033      204032
        182015      203906      203907      204034      204033
        182016      203907      203908      204035      204034
        182017      203908      203909      204036      204035
        182018      203909      203910      204037      204036
        182019      203910      203911      204038      204037
        182020      203911      203912      204039      204038
        182021      203912      203913      204040      204039
        182022      203913      203914      204041      204040
        182023      203914      203915      204042      204041
        182134      204026      204027      204154      204153
        182135      204027      204028      204155      204154
        182136      204028      204029      204156      204155
        182137      204029      204030      204157      204156
        182138      204030      204031      204158      204157
        182139      204031      204032      204159      204158
        182140      204032      204033      204160      204159
        182141      204033      204034      204161      204160
        182142      204034      204035      204162      204161
        182143      204035      204036      204163      204162
        182144      204036      204037      204164      204163
        182145      204037      204038      204165      204164
        182146      204038      204039      204166      204165
        182147      204039      204040      204167      204166
        182148      204040      204041      204168      204167
        182149      204041      204042      204169      204168
        182260      204153      204154      204281      204280
        182261      204154      204155      204282      204281
        182262      204155      204156      204283      204282
        182263      204156      204157      204284      204283
        182264      204157      204158      204285      204284
        182265      204158      204159      204286      204285
        182266      204159      204160      204287      204286
        182267      204160      204161      204288      204287
        182268      204161      204162      204289      204288
        182269      204162      204163      204290      204289
        182270      204163      204164      204291      204290
        182271      204164      204165      204292      204291
        182272      204165      204166      204293      204292
        182273      204166      204167      204294      204293
        182274      204167      204168      204295      204294
        182275      204168      204169      204296      204295
        182276      204169      204170      204297      204296
        182386      204280      204281      204408      204407
        182387      204281      204282      204409      204408
        182388      204282      204283      204410      204409
        182389      204283      204284      204411      204410
        182390      204284      204285      204412      204411
        182391      204285      204286      204413      204412
        182392      204286      204287      204414      204413
        182393      204287      204288      204415      204414
        182394      204288      204289      204416      204415
        182395      204289      204290      204417      204416
        182396      204290      204291      204418      204417
        182397      204291      204292      204419      204418
        182398      204292      204293      204420      204419
        182399      204293      204294      204421      204420
        182400      204294      204295      204422      204421
        182401      204295      204296      204423      204422
        182402      204296      204297      204424      204423
        182403      204297      204298      204425      204424
        182404      204298      204299      204426      204425
        182512      204407      204408      204535      204534
        182513      204408      204409      204536      204535
        182514      204409      204410      204537      204536
        182515      204410      204411      204538      204537
        182516      204411      204412      204539      204538
        182517      204412      204413      204540      204539
        182518      204413      204414      204541      204540
        182519      204414      204415      204542      204541
        182520      204415      204416      204543      204542
        182521      204416      204417      204544      204543
        182522      204417      204418      204545      204544
        182523      204418      204419      204546      204545
        182524      204419      204420      204547      204546
        182525      204420      204421      204548      204547
        182526      204421      204422      204549      204548
        182527      204422      204423      204550      204549
        182528      204423      204424      204551      204550
        182529      204424      204425      204552      204551
        182638      204534      204535      204662      204661
        182639      204535      204536      204663      204662
        182640      204536      204537      204664      204663
        182641      204537      204538      204665      204664
        182642      204538      204539      204666      204665
        182643      204539      204540      204667      204666
        182644      204540      204541      204668      204667
        182645      204541      204542      204669      204668
        182646      204542      204543      204670      204669
        182647      204543      204544      204671      204670
        182648      204544      204545      204672      204671
        182649      204545      204546      204673      204672
        182650      204546      204547      204674      204673
        182651      204547      204548      204675      204674
        182652      204548      204549      204676      204675
        182653      204549      204550      204677      204676
        182654      204550      204551      204678      204677
        182655      204551      204552      204679      204678
        182656      204552      204553      204680      204679
        182660      204556      204557      204684      204683
        182661      204557      204558      204685      204684
        182764      204661      204662      204789      204788
        182765      204662      204663      204790      204789
        182766      204663      204664      204791      204790
        182767      204664      204665      204792      204791
        182768      204665      204666      204793      204792
        182769      204666      204667      204794      204793
        182770      204667      204668      204795      204794
        182771      204668      204669      204796      204795
        182772      204669      204670      204797      204796
        182773      204670      204671      204798      204797
        182774      204671      204672      204799      204798
        182775      204672      204673      204800      204799
        182776      204673      204674      204801      204800
        182777      204674      204675      204802      204801
        182778      204675      204676      204803      204802
        182779      204676      204677      204804      204803
        182780      204677      204678      204805      204804
        182781      204678      204679      204806      204805
        182782      204679      204680      204807      204806
        182783      204680      204681      204808      204807
        182890      204788      204789      204916      204915
        182891      204789      204790      204917      204916
        182892      204790      204791      204918      204917
        182893      204791      204792      204919      204918
        182894      204792      204793      204920      204919
        182895      204793      204794      204921      204920
        182896      204794      204795      204922      204921
        182897      204795      204796      204923      204922
        182898      204796      204797      204924      204923
        182899      204797      204798      204925      204924
        182900      204798      204799      204926      204925
        182901      204799      204800      204927      204926
        182902      204800      204801      204928      204927
        182903      204801      204802      204929      204928
        182904      204802      204803      204930      204929
        182905      204803      204804      204931      204930
        182906      204804      204805      204932      204931
        182907      204805      204806      204933      204932
        182908      204806      204807      204934      204933
        182909      204807      204808      204935      204934
        182910      204808      204809      204936      204935
        183016      204915      204916      205043      205042
        183017      204916      204917      205044      205043
        183018      204917      204918      205045      205044
        183019      204918      204919      205046      205045
        183020      204919      204920      205047      205046
        183021      204920      204921      205048      205047
        183022      204921      204922      205049      205048
        183023      204922      204923      205050      205049
        183024      204923      204924      205051      205050
        183025      204924      204925      205052      205051
        183026      204925      204926      205053      205052
        183027      204926      204927      205054      205053
        183028      204927      204928      205055      205054
        183029      204928      204929      205056      205055
        183030      204929      204930      205057      205056
        183031      204930      204931      205058      205057
        183032      204931      204932      205059      205058
        183033      204932      204933      205060      205059
        183034      204933      204934      205061      205060
        183035      204934      204935      205062      205061
        183036      204935      204936      205063      205062
        183037      204936      204937      205064      205063
        183038      204937      204938      205065      205064
        183039      204938      204939      205066      205065
        183040      204939      204940      205067      205066
        183142      205042      205043      205170      205169
        183143      205043      205044      205171      205170
        183144      205044      205045      205172      205171
        183145      205045      205046      205173      205172
        183146      205046      205047      205174      205173
        183147      205047      205048      205175      205174
        183148      205048      205049      205176      205175
        183149      205049      205050      205177      205176
        183150      205050      205051      205178      205177
        183151      205051      205052      205179      205178
        183152      205052      205053      205180      205179
        183153      205053      205054      205181      205180
        183154      205054      205055      205182      205181
        183155      205055      205056      205183      205182
        183156      205056      205057      205184      205183
        183157      205057      205058      205185      205184
        183158      205058      205059      205186      205185
        183159      205059      205060      205187      205186
        183160      205060      205061      205188      205187
        183161      205061      205062      205189      205188
        183162      205062      205063      205190      205189
        183163      205063      205064      205191      205190
        183164      205064      205065      205192      205191
        183165      205065      205066      205193      205192
        183166      205066      205067      205194      205193
        183167      205067      205068      205195      205194
        183268      205169      205170      205297      205296
        183269      205170      205171      205298      205297
        183270      205171      205172      205299      205298
        183271      205172      205173      205300      205299
        183272      205173      205174      205301      205300
        183273      205174      205175      205302      205301
        183274      205175      205176      205303      205302
        183275      205176      205177      205304      205303
        183276      205177      205178      205305      205304
        183277      205178      205179      205306      205305
        183278      205179      205180      205307      205306
        183279      205180      205181      205308      205307
        183280      205181      205182      205309      205308
        183281      205182      205183      205310      205309
        183282      205183      205184      205311      205310
        183283      205184      205185      205312      205311
        183284      205185      205186      205313      205312
        183285      205186      205187      205314      205313
        183286      205187      205188      205315      205314
        183287      205188      205189      205316      205315
        183288      205189      205190      205317      205316
        183289      205190      205191      205318      205317
        183290      205191      205192      205319      205318
        183291      205192      205193      205320      205319
        183292      205193      205194      205321      205320
        183293      205194      205195      205322      205321
        183394      205296      205297      205424      205423
        183395      205297      205298      205425      205424
        183396      205298      205299      205426      205425
        183397      205299      205300      205427      205426
        183398      205300      205301      205428      205427
        183399      205301      205302      205429      205428
        183400      205302      205303      205430      205429
        183401      205303      205304      205431      205430
        183402      205304      205305      205432      205431
        183403      205305      205306      205433      205432
        183404      205306      205307      205434      205433
        183405      205307      205308      205435      205434
        183406      205308      205309      205436      205435
        183407      205309      205310      205437      205436
        183408      205310      205311      205438      205437
        183409      205311      205312      205439      205438
        183410      205312      205313      205440      205439
        183411      205313      205314      205441      205440
        183412      205314      205315      205442      205441
        183413      205315      205316      205443      205442
        183414      205316      205317      205444      205443
        183415      205317      205318      205445      205444
        183416      205318      205319      205446      205445
        183417      205319      205320      205447      205446
        183418      205320      205321      205448      205447
        183520      205423      205424      205551      205550
        183521      205424      205425      205552      205551
        183522      205425      205426      205553      205552
        183523      205426      205427      205554      205553
        183524      205427      205428      205555      205554
        183525      205428      205429      205556      205555
        183526      205429      205430      205557      205556
        183527      205430      205431      205558      205557
        183528      205431      205432      205559      205558
        183529      205432      205433      205560      205559
        183530      205433      205434      205561      205560
        183531      205434      205435      205562      205561
        183532      205435      205436      205563      205562
        183533      205436      205437      205564      205563
        183534      205437      205438      205565      205564
        183535      205438      205439      205566      205565
        183536      205439      205440      205567      205566
        183537      205440      205441      205568      205567
        183538      205441      205442      205569      205568
        183539      205442      205443      205570      205569
        183540      205443      205444      205571      205570
        183541      205444      205445      205572      205571
        183542      205445      205446      205573      205572
        183543      205446      205447      205574      205573
        183544      205447      205448      205575      205574
        183646      205550      205551      205678      205677
        183647      205551      205552      205679      205678
        183648      205552      205553      205680      205679
        183649      205553      205554      205681      205680
        183650      205554      205555      205682      205681
        183651      205555      205556      205683      205682
        183652      205556      205557      205684      205683
        183653      205557      205558      205685      205684
        183654      205558      205559      205686      205685
        183655      205559      205560      205687      205686
        183656      205560      205561      205688      205687
        183657      205561      205562      205689      205688
        183658      205562      205563      205690      205689
        183659      205563      205564      205691      205690
        183660      205564      205565      205692      205691
        183661      205565      205566      205693      205692
        183662      205566      205567      205694      205693
        183663      205567      205568      205695      205694
        183664      205568      205569      205696      205695
        183665      205569      205570      205697      205696
        183666      205570      205571      205698      205697
        183667      205571      205572      205699      205698
        183668      205572      205573      205700      205699
        183669      205573      205574      205701      205700
        183772      205677      205678      205805      205804
        183773      205678      205679      205806      205805
        183774      205679      205680      205807      205806
        183775      205680      205681      205808      205807
        183776      205681      205682      205809      205808
        183777      205682      205683      205810      205809
        183778      205683      205684      205811      205810
        183779      205684      205685      205812      205811
        183780      205685      205686      205813      205812
        183781      205686      205687      205814      205813
        183782      205687      205688      205815      205814
        183783      205688      205689      205816      205815
        183784      205689      205690      205817      205816
        183785      205690      205691      205818      205817
        183786      205691      205692      205819      205818
        183787      205692      205693      205820      205819
        183788      205693      205694      205821      205820
        183789      205694      205695      205822      205821
        183790      205695      205696      205823      205822
        183791      205696      205697      205824      205823
        183792      205697      205698      205825      205824
        183793      205698      205699      205826      205825
        183794      205699      205700      205827      205826
        183795      205700      205701      205828      205827
        183898      205804      205805      205932      205931
        183899      205805      205806      205933      205932
        183900      205806      205807      205934      205933
        183901      205807      205808      205935      205934
        183902      205808      205809      205936      205935
        183903      205809      205810      205937      205936
        183904      205810      205811      205938      205937
        183905      205811      205812      205939      205938
        183906      205812      205813      205940      205939
        183907      205813      205814      205941      205940
        183908      205814      205815      205942      205941
        183909      205815      205816      205943      205942
        183910      205816      205817      205944      205943
        183911      205817      205818      205945      205944
        183912      205818      205819      205946      205945
        183913      205819      205820      205947      205946
        183914      205820      205821      205948      205947
        183915      205821      205822      205949      205948
        183916      205822      205823      205950      205949
        183919      205825      205826      205953      205952
        183920      205826      205827      205954      205953
        183921      205827      205828      205955      205954
        184024      205931      205932      206059      206058
        184025      205932      205933      206060      206059
        184026      205933      205934      206061      206060
        184027      205934      205935      206062      206061
        184028      205935      205936      206063      206062
        184029      205936      205937      206064      206063
        184030      205937      205938      206065      206064
        184031      205938      205939      206066      206065
        184032      205939      205940      206067      206066
        184033      205940      205941      206068      206067
        184034      205941      205942      206069      206068
        184035      205942      205943      206070      206069
        184036      205943      205944      206071      206070
        184037      205944      205945      206072      206071
        184038      205945      205946      206073      206072
        184039      205946      205947      206074      206073
        184040      205947      205948      206075      206074
        184041      205948      205949      206076      206075
        184046      205953      205954      206081      206080
        184150      206058      206059      206186      206185
        184151      206059      206060      206187      206186
        184152      206060      206061      206188      206187
        184153      206061      206062      206189      206188
        184154      206062      206063      206190      206189
        184155      206063      206064      206191      206190
        184156      206064      206065      206192      206191
        184157      206065      206066      206193      206192
        184158      206066      206067      206194      206193
        184159      206067      206068      206195      206194
        184160      206068      206069      206196      206195
        184161      206069      206070      206197      206196
        184162      206070      206071      206198      206197
        184163      206071      206072      206199      206198
        184164      206072      206073      206200      206199
        184165      206073      206074      206201      206200
        184166      206074      206075      206202      206201
        184167      206075      206076      206203      206202
        184172      206080      206081      206208      206207
        184173      206081      206082      206209      206208
        184276      206185      206186      206313      206312
        184277      206186      206187      206314      206313
        184278      206187      206188      206315      206314
        184279      206188      206189      206316      206315
        184280      206189      206190      206317      206316
        184281      206190      206191      206318      206317
        184282      206191      206192      206319      206318
        184283      206192      206193      206320      206319
        184284      206193      206194      206321      206320
        184285      206194      206195      206322      206321
        184286      206195      206196      206323      206322
        184287      206196      206197      206324      206323
        184288      206197      206198      206325      206324
        184289      206198      206199      206326      206325
        184290      206199      206200      206327      206326
        184291      206200      206201      206328      206327
        184292      206201      206202      206329      206328
        184293      206202      206203      206330      206329
        184294      206203      206204      206331      206330
        184298      206207      206208      206335      206334
        184402      206312      206313      206440      206439
        184403      206313      206314      206441      206440
        184404      206314      206315      206442      206441
        184405      206315      206316      206443      206442
        184406      206316      206317      206444      206443
        184407      206317      206318      206445      206444
        184408      206318      206319      206446      206445
        184409      206319      206320      206447      206446
        184410      206320      206321      206448      206447
        184411      206321      206322      206449      206448
        184412      206322      206323      206450      206449
        184413      206323      206324      206451      206450
        184414      206324      206325      206452      206451
        184415      206325      206326      206453      206452
        184416      206326      206327      206454      206453
        184417      206327      206328      206455      206454
        184418      206328      206329      206456      206455
        184419      206329      206330      206457      206456
        184420      206330      206331      206458      206457
        184424      206334      206335      206462      206461
        184528      206439      206440      206567      206566
        184529      206440      206441      206568      206567
        184530      206441      206442      206569      206568
        184531      206442      206443      206570      206569
        184532      206443      206444      206571      206570
        184533      206444      206445      206572      206571
        184534      206445      206446      206573      206572
        184535      206446      206447      206574      206573
        184536      206447      206448      206575      206574
        184537      206448      206449      206576      206575
        184538      206449      206450      206577      206576
        184539      206450      206451      206578      206577
        184540      206451      206452      206579      206578
        184541      206452      206453      206580      206579
        184542      206453      206454      206581      206580
        184543      206454      206455      206582      206581
        184544      206455      206456      206583      206582
        184545      206456      206457      206584      206583
        184546      206457      206458      206585      206584
        184550      206461      206462      206589      206588
        184654      206566      206567      206694      206693
        184655      206567      206568      206695      206694
        184656      206568      206569      206696      206695
        184657      206569      206570      206697      206696
        184658      206570      206571      206698      206697
        184659      206571      206572      206699      206698
        184660      206572      206573      206700      206699
        184661      206573      206574      206701      206700
        184662      206574      206575      206702      206701
        184663      206575      206576      206703      206702
        184664      206576      206577      206704      206703
        184665      206577      206578      206705      206704
        184666      206578      206579      206706      206705
        184667      206579      206580      206707      206706
        184668      206580      206581      206708      206707
        184669      206581      206582      206709      206708
        184670      206582      206583      206710      206709
        184671      206583      206584      206711      206710
        184672      206584      206585      206712      206711
        184675      206587      206588      206715      206714
        184676      206588      206589      206716      206715
        184780      206693      206694      206821      206820
        184781      206694      206695      206822      206821
        184782      206695      206696      206823      206822
        184783      206696      206697      206824      206823
        184784      206697      206698      206825      206824
        184785      206698      206699      206826      206825
        184786      206699      206700      206827      206826
        184787      206700      206701      206828      206827
        184788      206701      206702      206829      206828
        184789      206702      206703      206830      206829
        184790      206703      206704      206831      206830
        184791      206704      206705      206832      206831
        184792      206705      206706      206833      206832
        184793      206706      206707      206834      206833
        184794      206707      206708      206835      206834
        184795      206708      206709      206836      206835
        184796      206709      206710      206837      206836
        184797      206710      206711      206838      206837
        184798      206711      206712      206839      206838
        184799      206712      206713      206840      206839
        184801      206714      206715      206842      206841
        184802      206715      206716      206843      206842
        184906      206820      206821      206948      206947
        184907      206821      206822      206949      206948
        184908      206822      206823      206950      206949
        184909      206823      206824      206951      206950
        184910      206824      206825      206952      206951
        184911      206825      206826      206953      206952
        184912      206826      206827      206954      206953
        184913      206827      206828      206955      206954
        184914      206828      206829      206956      206955
        184915      206829      206830      206957      206956
        184916      206830      206831      206958      206957
        184917      206831      206832      206959      206958
        184918      206832      206833      206960      206959
        184919      206833      206834      206961      206960
        184920      206834      206835      206962      206961
        184921      206835      206836      206963      206962
        184922      206836      206837      206964      206963
        184923      206837      206838      206965      206964
        184924      206838      206839      206966      206965
        184925      206839      206840      206967      206966
        184926      206840      206841      206968      206967
        184927      206841      206842      206969      206968
        184928      206842      206843      206970      206969
        185032      206947      206948      207075      207074
        185033      206948      206949      207076      207075
        185034      206949      206950      207077      207076
        185035      206950      206951      207078      207077
        185036      206951      206952      207079      207078
        185037      206952      206953      207080      207079
        185038      206953      206954      207081      207080
        185039      206954      206955      207082      207081
        185040      206955      206956      207083      207082
        185041      206956      206957      207084      207083
        185042      206957      206958      207085      207084
        185043      206958      206959      207086      207085
        185044      206959      206960      207087      207086
        185045      206960      206961      207088      207087
        185046      206961      206962      207089      207088
        185047      206962      206963      207090      207089
        185048      206963      206964      207091      207090
        185049      206964      206965      207092      207091
        185050      206965      206966      207093      207092
        185051      206966      206967      207094      207093
        185052      206967      206968      207095      207094
        185053      206968      206969      207096      207095
        185158      207074      207075      207202      207201
        185159      207075      207076      207203      207202
        185160      207076      207077      207204      207203
        185161      207077      207078      207205      207204
        185162      207078      207079      207206      207205
        185163      207079      207080      207207      207206
        185164      207080      207081      207208      207207
        185165      207081      207082      207209      207208
        185166      207082      207083      207210      207209
        185167      207083      207084      207211      207210
        185168      207084      207085      207212      207211
        185169      207085      207086      207213      207212
        185170      207086      207087      207214      207213
        185171      207087      207088      207215      207214
        185172      207088      207089      207216      207215
        185173      207089      207090      207217      207216
        185174      207090      207091      207218      207217
        185175      207091      207092      207219      207218
        185176      207092      207093      207220      207219
        185177      207093      207094      207221      207220
        185178      207094      207095      207222      207221
        185179      207095      207096      207223      207222
        185284      207201      207202      207329      207328
        185285      207202      207203      207330      207329
        185286      207203      207204      207331      207330
        185287      207204      207205      207332      207331
        185288      207205      207206      207333      207332
        185289      207206      207207      207334      207333
        185290      207207      207208      207335      207334
        185291      207208      207209      207336      207335
        185292      207209      207210      207337      207336
        185293      207210      207211      207338      207337
        185294      207211      207212      207339      207338
        185295      207212      207213      207340      207339
        185296      207213      207214      207341      207340
        185297      207214      207215      207342      207341
        185298      207215      207216      207343      207342
        185299      207216      207217      207344      207343
        185300      207217      207218      207345      207344
        185301      207218      207219      207346      207345
        185302      207219      207220      207347      207346
        185303      207220      207221      207348      207347
        185304      207221      207222      207349      207348
        185410      207328      207329      207456      207455
        185411      207329      207330      207457      207456
        185412      207330      207331      207458      207457
        185413      207331      207332      207459      207458
        185414      207332      207333      207460      207459
        185415      207333      207334      207461      207460
        185416      207334      207335      207462      207461
        185417      207335      207336      207463      207462
        185418      207336      207337      207464      207463
        185419      207337      207338      207465      207464
        185420      207338      207339      207466      207465
        185421      207339      207340      207467      207466
        185422      207340      207341      207468      207467
        185423      207341      207342      207469      207468
        185424      207342      207343      207470      207469
        185425      207343      207344      207471      207470
        185426      207344      207345      207472      207471
        185427      207345      207346      207473      207472
        185428      207346      207347      207474      207473
        185430      207348      207349      207476      207475
        185536      207455      207456      207583      207582
        185537      207456      207457      207584      207583
        185538      207457      207458      207585      207584
        185539      207458      207459      207586      207585
        185540      207459      207460      207587      207586
        185541      207460      207461      207588      207587
        185542      207461      207462      207589      207588
        185543      207462      207463      207590      207589
        185544      207463      207464      207591      207590
        185545      207464      207465      207592      207591
        185546      207465      207466      207593      207592
        185547      207466      207467      207594      207593
        185548      207467      207468      207595      207594
        185549      207468      207469      207596      207595
        185550      207469      207470      207597      207596
        185551      207470      207471      207598      207597
        185552      207471      207472      207599      207598
        185553      207472      207473      207600      207599
        185554      207473      207474      207601      207600
        185555      207474      207475      207602      207601
        185556      207475      207476      207603      207602
        185662      207582      207583      207710      207709
        185663      207583      207584      207711      207710
        185664      207584      207585      207712      207711
        185665      207585      207586      207713      207712
        185666      207586      207587      207714      207713
        185667      207587      207588      207715      207714
        185668      207588      207589      207716      207715
        185669      207589      207590      207717      207716
        185670      207590      207591      207718      207717
        185671      207591      207592      207719      207718
        185672      207592      207593      207720      207719
        185673      207593      207594      207721      207720
        185674      207594      207595      207722      207721
        185675      207595      207596      207723      207722
        185676      207596      207597      207724      207723
        185677      207597      207598      207725      207724
        185678      207598      207599      207726      207725
        185679      207599      207600      207727      207726
        185680      207600      207601      207728      207727
        185681      207601      207602      207729      207728
        185682      207602      207603      207730      207729
        185788      207709      207710      207837      207836
        185789      207710      207711      207838      207837
        185790      207711      207712      207839      207838
        185791      207712      207713      207840      207839
        185792      207713      207714      207841      207840
        185793      207714      207715      207842      207841
        185794      207715      207716      207843      207842
        185795      207716      207717      207844      207843
        185796      207717      207718      207845      207844
        185797      207718      207719      207846      207845
        185798      207719      207720      207847      207846
        185799      207720      207721      207848      207847
        185800      207721      207722      207849      207848
        185801      207722      207723      207850      207849
        185802      207723      207724      207851      207850
        185803      207724      207725      207852      207851
        185804      207725      207726      207853      207852
        185805      207726      207727      207854      207853
        185806      207727      207728      207855      207854
        185807      207728      207729      207856      207855
        185914      207836      207837      207964      207963
        185915      207837      207838      207965      207964
        185916      207838      207839      207966      207965
        185917      207839      207840      207967      207966
        185918      207840      207841      207968      207967
        185919      207841      207842      207969      207968
        185920      207842      207843      207970      207969
        185921      207843      207844      207971      207970
        185922      207844      207845      207972      207971
        185923      207845      207846      207973      207972
        185924      207846      207847      207974      207973
        185925      207847      207848      207975      207974
        185926      207848      207849      207976      207975
        185927      207849      207850      207977      207976
        185928      207850      207851      207978      207977
        185929      207851      207852      207979      207978
        185930      207852      207853      207980      207979
        185931      207853      207854      207981      207980
        185932      207854      207855      207982      207981
        185933      207855      207856      207983      207982
        185934      207856      207857      207984      207983
        186040      207963      207964      208091      208090
        186041      207964      207965      208092      208091
        186042      207965      207966      208093      208092
        186043      207966      207967      208094      208093
        186044      207967      207968      208095      208094
        186045      207968      207969      208096      208095
        186046      207969      207970      208097      208096
        186047      207970      207971      208098      208097
        186048      207971      207972      208099      208098
        186049      207972      207973      208100      208099
        186050      207973      207974      208101      208100
        186051      207974      207975      208102      208101
        186052      207975      207976      208103      208102
        186053      207976      207977      208104      208103
        186054      207977      207978      208105      208104
        186055      207978      207979      208106      208105
        186056      207979      207980      208107      208106
        186057      207980      207981      208108      208107
        186058      207981      207982      208109      208108
        186059      207982      207983      208110      208109
        186060      207983      207984      208111      208110
        186061      207984      207985      208112      208111
        186166      208090      208091      208218      208217
        186167      208091      208092      208219      208218
        186168      208092      208093      208220      208219
        186169      208093      208094      208221      208220
        186170      208094      208095      208222      208221
        186171      208095      208096      208223      208222
        186172      208096      208097      208224      208223
        186173      208097      208098      208225      208224
        186174      208098      208099      208226      208225
        186175      208099      208100      208227      208226
        186176      208100      208101      208228      208227
        186177      208101      208102      208229      208228
        186178      208102      208103      208230      208229
        186179      208103      208104      208231      208230
        186180      208104      208105      208232      208231
        186181      208105      208106      208233      208232
        186182      208106      208107      208234      208233
        186183      208107      208108      208235      208234
        186184      208108      208109      208236      208235
        186185      208109      208110      208237      208236
        186186      208110      208111      208238      208237
        186292      208217      208218      208345      208344
        186293      208218      208219      208346      208345
        186294      208219      208220      208347      208346
        186295      208220      208221      208348      208347
        186296      208221      208222      208349      208348
        186297      208222      208223      208350      208349
        186298      208223      208224      208351      208350
        186299      208224      208225      208352      208351
        186300      208225      208226      208353      208352
        186301      208226      208227      208354      208353
        186302      208227      208228      208355      208354
        186303      208228      208229      208356      208355
        186304      208229      208230      208357      208356
        186305      208230      208231      208358      208357
        186306      208231      208232      208359      208358
        186307      208232      208233      208360      208359
        186308      208233      208234      208361      208360
        186309      208234      208235      208362      208361
        186310      208235      208236      208363      208362
        186418      208344      208345      208472      208471
        186419      208345      208346      208473      208472
        186420      208346      208347      208474      208473
        186421      208347      208348      208475      208474
        186422      208348      208349      208476      208475
        186423      208349      208350      208477      208476
        186424      208350      208351      208478      208477
        186425      208351      208352      208479      208478
        186426      208352      208353      208480      208479
        186427      208353      208354      208481      208480
        186428      208354      208355      208482      208481
        186429      208355      208356      208483      208482
        186430      208356      208357      208484      208483
        186431      208357      208358      208485      208484
        186432      208358      208359      208486      208485
        186433      208359      208360      208487      208486
        186434      208360      208361      208488      208487
        186436      208362      208363      208490      208489
        186437      208363      208364      208491      208490
        186544      208471      208472      208599      208598
        186545      208472      208473      208600      208599
        186546      208473      208474      208601      208600
        186547      208474      208475      208602      208601
        186548      208475      208476      208603      208602
        186549      208476      208477      208604      208603
        186550      208477      208478      208605      208604
        186551      208478      208479      208606      208605
        186552      208479      208480      208607      208606
        186553      208480      208481      208608      208607
        186554      208481      208482      208609      208608
        186555      208482      208483      208610      208609
        186556      208483      208484      208611      208610
        186557      208484      208485      208612      208611
        186558      208485      208486      208613      208612
        186559      208486      208487      208614      208613
        186670      208598      208599      208726      208725
        186671      208599      208600      208727      208726
        186672      208600      208601      208728      208727
        186673      208601      208602      208729      208728
        186674      208602      208603      208730      208729
        186675      208603      208604      208731      208730
        186676      208604      208605      208732      208731
        186677      208605      208606      208733      208732
        186678      208606      208607      208734      208733
        186679      208607      208608      208735      208734
        186680      208608      208609      208736      208735
        186681      208609      208610      208737      208736
        186682      208610      208611      208738      208737
        186683      208611      208612      208739      208738
        186684      208612      208613      208740      208739
        186685      208613      208614      208741      208740
        186796      208725      208726      208853      208852
        186797      208726      208727      208854      208853
        186798      208727      208728      208855      208854
        186799      208728      208729      208856      208855
        186800      208729      208730      208857      208856
        186801      208730      208731      208858      208857
        186802      208731      208732      208859      208858
        186803      208732      208733      208860      208859
        186804      208733      208734      208861      208860
        186805      208734      208735      208862      208861
        186806      208735      208736      208863      208862
        186807      208736      208737      208864      208863
        186808      208737      208738      208865      208864
        186809      208738      208739      208866      208865
        186922      208852      208853      208980      208979
        186923      208853      208854      208981      208980
        186924      208854      208855      208982      208981
        186925      208855      208856      208983      208982
        186926      208856      208857      208984      208983
        186927      208857      208858      208985      208984
        186928      208858      208859      208986      208985
        186929      208859      208860      208987      208986
        186930      208860      208861      208988      208987
        186931      208861      208862      208989      208988
        186932      208862      208863      208990      208989
        186933      208863      208864      208991      208990
        186934      208864      208865      208992      208991
        186935      208865      208866      208993      208992
        187048      208979      208980      209107      209106
        187049      208980      208981      209108      209107
        187050      208981      208982      209109      209108
        187051      208982      208983      209110      209109
        187052      208983      208984      209111      209110
        187053      208984      208985      209112      209111
        187054      208985      208986      209113      209112
        187055      208986      208987      209114      209113
        187056      208987      208988      209115      209114
        187057      208988      208989      209116      209115
        187058      208989      208990      209117      209116
        187059      208990      208991      209118      209117
        187174      209106      209107      209234      209233
        187175      209107      209108      209235      209234
        187176      209108      209109      209236      209235
        187177      209109      209110      209237      209236
        187178      209110      209111      209238      209237
        187179      209111      209112      209239      209238
        187180      209112      209113      209240      209239
        187181      209113      209114      209241      209240
        187182      209114      209115      209242      209241
        187183      209115      209116      209243      209242
        187184      209116      209117      209244      209243
        187300      209233      209234      209361      209360
        187301      209234      209235      209362      209361
        187302      209235      209236      209363      209362
        187303      209236      209237      209364      209363
        187304      209237      209238      209365      209364
        187305      209238      209239      209366      209365
        187306      209239      209240      209367      209366
        187307      209240      209241      209368      209367
        187308      209241      209242      209369      209368
        187309      209242      209243      209370      209369
        187310      209243      209244      209371      209370
        187426      209360      209361      209488      209487
        187427      209361      209362      209489      209488
        187428      209362      209363      209490      209489
        187429      209363      209364      209491      209490
        187430      209364      209365      209492      209491
        187431      209365      209366      209493      209492
        187432      209366      209367      209494      209493
        187433      209367      209368      209495      209494
        187434      209368      209369      209496      209495
        187435      209369      209370      209497      209496
        187436      209370      209371      209498      209497
        187552      209487      209488      209615      209614
        187553      209488      209489      209616      209615
        187554      209489      209490      209617      209616
        187555      209490      209491      209618      209617
        187556      209491      209492      209619      209618
        187559      209494      209495      209622      209621
        187678      209614      209615      209742      209741
        187679      209615      209616      209743      209742
        187680      209616      209617      209744      209743
        187681      209617      209618      209745      209744
        187804      209741      209742      209869      209868
        187805      209742      209743      209870      209869
        187806      209743      209744      209871      209870
