1047  
          9640
          9641
          9642
          9643
          9644
          9645
          9646
          9647
          9648
          9649
          9650
          9651
          9652
          9653
          9654
          9655
          9656
          9657
          9658
          9766
          9767
          9768
          9769
          9770
          9771
          9772
          9773
          9774
          9775
          9776
          9777
          9778
          9779
          9780
          9781
          9782
          9783
          9892
          9893
          9894
          9895
          9896
          9897
          9898
          9899
          9900
          9901
          9902
          9903
          9904
          9905
          9906
          9907
          9908
          9909
          9910
         10018
         10019
         10020
         10021
         10022
         10023
         10024
         10025
         10026
         10027
         10028
         10029
         10030
         10031
         10032
         10033
         10034
         10035
         10036
         10037
         10144
         10145
         10146
         10147
         10148
         10149
         10150
         10151
         10152
         10153
         10154
         10155
         10156
         10157
         10158
         10159
         10160
         10161
         10162
         10163
         10270
         10271
         10272
         10273
         10274
         10275
         10276
         10277
         10278
         10279
         10280
         10281
         10282
         10283
         10284
         10285
         10286
         10287
         10288
         10289
         10396
         10397
         10398
         10399
         10400
         10401
         10402
         10403
         10404
         10405
         10406
         10407
         10408
         10409
         10410
         10411
         10412
         10413
         10522
         10523
         10524
         10525
         10526
         10527
         10528
         10529
         10530
         10531
         10532
         10533
         10534
         10535
         10536
         10537
         10538
         10539
         10540
         10648
         10649
         10650
         10651
         10652
         10653
         10654
         10655
         10656
         10657
         10658
         10659
         10660
         10661
         10662
         10663
         10664
         10774
         10775
         10776
         10777
         10778
         10779
         10780
         10781
         10782
         10783
         10784
         10785
         10786
         10787
         10788
         10789
         10900
         10901
         10902
         10903
         10904
         10905
         10906
         10907
         10908
         10909
         10910
         10911
         10912
         10913
         10914
         10915
         11026
         11027
         11028
         11029
         11030
         11031
         11032
         11033
         11034
         11035
         11036
         11037
         11038
         11039
         11040
         11041
         11042
         11152
         11153
         11154
         11155
         11156
         11157
         11158
         11159
         11160
         11161
         11162
         11163
         11164
         11165
         11166
         11167
         11168
         11169
         11170
         11278
         11279
         11280
         11281
         11282
         11283
         11284
         11285
         11286
         11287
         11288
         11289
         11290
         11291
         11292
         11293
         11294
         11295
         11404
         11405
         11406
         11407
         11408
         11409
         11410
         11411
         11412
         11413
         11414
         11415
         11416
         11417
         11418
         11419
         11420
         11421
         11422
         11426
         11427
         11530
         11531
         11532
         11533
         11534
         11535
         11536
         11537
         11538
         11539
         11540
         11541
         11542
         11543
         11544
         11545
         11546
         11547
         11548
         11549
         11656
         11657
         11658
         11659
         11660
         11661
         11662
         11663
         11664
         11665
         11666
         11667
         11668
         11669
         11670
         11671
         11672
         11673
         11674
         11675
         11676
         11782
         11783
         11784
         11785
         11786
         11787
         11788
         11789
         11790
         11791
         11792
         11793
         11794
         11795
         11796
         11797
         11798
         11799
         11800
         11801
         11802
         11803
         11804
         11805
         11806
         11908
         11909
         11910
         11911
         11912
         11913
         11914
         11915
         11916
         11917
         11918
         11919
         11920
         11921
         11922
         11923
         11924
         11925
         11926
         11927
         11928
         11929
         11930
         11931
         11932
         11933
         12034
         12035
         12036
         12037
         12038
         12039
         12040
         12041
         12042
         12043
         12044
         12045
         12046
         12047
         12048
         12049
         12050
         12051
         12052
         12053
         12054
         12055
         12056
         12057
         12058
         12059
         12160
         12161
         12162
         12163
         12164
         12165
         12166
         12167
         12168
         12169
         12170
         12171
         12172
         12173
         12174
         12175
         12176
         12177
         12178
         12179
         12180
         12181
         12182
         12183
         12184
         12286
         12287
         12288
         12289
         12290
         12291
         12292
         12293
         12294
         12295
         12296
         12297
         12298
         12299
         12300
         12301
         12302
         12303
         12304
         12305
         12306
         12307
         12308
         12309
         12310
         12412
         12413
         12414
         12415
         12416
         12417
         12418
         12419
         12420
         12421
         12422
         12423
         12424
         12425
         12426
         12427
         12428
         12429
         12430
         12431
         12432
         12433
         12434
         12435
         12538
         12539
         12540
         12541
         12542
         12543
         12544
         12545
         12546
         12547
         12548
         12549
         12550
         12551
         12552
         12553
         12554
         12555
         12556
         12557
         12558
         12559
         12560
         12561
         12664
         12665
         12666
         12667
         12668
         12669
         12670
         12671
         12672
         12673
         12674
         12675
         12676
         12677
         12678
         12679
         12680
         12681
         12682
         12685
         12686
         12687
         12790
         12791
         12792
         12793
         12794
         12795
         12796
         12797
         12798
         12799
         12800
         12801
         12802
         12803
         12804
         12805
         12806
         12807
         12812
         12916
         12917
         12918
         12919
         12920
         12921
         12922
         12923
         12924
         12925
         12926
         12927
         12928
         12929
         12930
         12931
         12932
         12933
         12938
         12939
         13042
         13043
         13044
         13045
         13046
         13047
         13048
         13049
         13050
         13051
         13052
         13053
         13054
         13055
         13056
         13057
         13058
         13059
         13060
         13064
         13168
         13169
         13170
         13171
         13172
         13173
         13174
         13175
         13176
         13177
         13178
         13179
         13180
         13181
         13182
         13183
         13184
         13185
         13186
         13190
         13294
         13295
         13296
         13297
         13298
         13299
         13300
         13301
         13302
         13303
         13304
         13305
         13306
         13307
         13308
         13309
         13310
         13311
         13312
         13316
         13420
         13421
         13422
         13423
         13424
         13425
         13426
         13427
         13428
         13429
         13430
         13431
         13432
         13433
         13434
         13435
         13436
         13437
         13438
         13441
         13442
         13546
         13547
         13548
         13549
         13550
         13551
         13552
         13553
         13554
         13555
         13556
         13557
         13558
         13559
         13560
         13561
         13562
         13563
         13564
         13565
         13567
         13568
         13672
         13673
         13674
         13675
         13676
         13677
         13678
         13679
         13680
         13681
         13682
         13683
         13684
         13685
         13686
         13687
         13688
         13689
         13690
         13691
         13692
         13693
         13694
         13798
         13799
         13800
         13801
         13802
         13803
         13804
         13805
         13806
         13807
         13808
         13809
         13810
         13811
         13812
         13813
         13814
         13815
         13816
         13817
         13818
         13819
         13924
         13925
         13926
         13927
         13928
         13929
         13930
         13931
         13932
         13933
         13934
         13935
         13936
         13937
         13938
         13939
         13940
         13941
         13942
         13943
         13944
         13945
         14050
         14051
         14052
         14053
         14054
         14055
         14056
         14057
         14058
         14059
         14060
         14061
         14062
         14063
         14064
         14065
         14066
         14067
         14068
         14069
         14070
         14176
         14177
         14178
         14179
         14180
         14181
         14182
         14183
         14184
         14185
         14186
         14187
         14188
         14189
         14190
         14191
         14192
         14193
         14194
         14196
         14302
         14303
         14304
         14305
         14306
         14307
         14308
         14309
         14310
         14311
         14312
         14313
         14314
         14315
         14316
         14317
         14318
         14319
         14320
         14321
         14322
         14428
         14429
         14430
         14431
         14432
         14433
         14434
         14435
         14436
         14437
         14438
         14439
         14440
         14441
         14442
         14443
         14444
         14445
         14446
         14447
         14448
         14554
         14555
         14556
         14557
         14558
         14559
         14560
         14561
         14562
         14563
         14564
         14565
         14566
         14567
         14568
         14569
         14570
         14571
         14572
         14573
         14680
         14681
         14682
         14683
         14684
         14685
         14686
         14687
         14688
         14689
         14690
         14691
         14692
         14693
         14694
         14695
         14696
         14697
         14698
         14699
         14700
         14806
         14807
         14808
         14809
         14810
         14811
         14812
         14813
         14814
         14815
         14816
         14817
         14818
         14819
         14820
         14821
         14822
         14823
         14824
         14825
         14826
         14827
         14932
         14933
         14934
         14935
         14936
         14937
         14938
         14939
         14940
         14941
         14942
         14943
         14944
         14945
         14946
         14947
         14948
         14949
         14950
         14951
         14952
         15058
         15059
         15060
         15061
         15062
         15063
         15064
         15065
         15066
         15067
         15068
         15069
         15070
         15071
         15072
         15073
         15074
         15075
         15076
         15184
         15185
         15186
         15187
         15188
         15189
         15190
         15191
         15192
         15193
         15194
         15195
         15196
         15197
         15198
         15199
         15200
         15202
         15203
         15310
         15311
         15312
         15313
         15314
         15315
         15316
         15317
         15318
         15319
         15320
         15321
         15322
         15323
         15324
         15325
         15436
         15437
         15438
         15439
         15440
         15441
         15442
         15443
         15444
         15445
         15446
         15447
         15448
         15449
         15450
         15451
         15562
         15563
         15564
         15565
         15566
         15567
         15568
         15569
         15570
         15571
         15572
         15573
         15574
         15575
         15688
         15689
         15690
         15691
         15692
         15693
         15694
         15695
         15696
         15697
         15698
         15699
         15700
         15701
         15814
         15815
         15816
         15817
         15818
         15819
         15820
         15821
         15822
         15823
         15824
         15825
         15940
         15941
         15942
         15943
         15944
         15945
         15946
         15947
         15948
         15949
         15950
         16066
         16067
         16068
         16069
         16070
         16071
         16072
         16073
         16074
         16075
         16076
         16192
         16193
         16194
         16195
         16196
         16197
         16198
         16199
         16200
         16201
         16202
         16318
         16319
         16320
         16321
         16322
         16325
         16444
         16445
         16446
         16447
         16570
         16571
         16572
