5010  
          5230
          5231
          5232
          5356
          5357
          5358
          5359
          5482
          5483
          5484
          5485
          5608
          5609
          5610
          5611
          5734
          5735
          5736
          5737
          5739
          5860
          5861
          5862
          5863
          5864
          5865
          5986
          5987
          5988
          5989
          5990
          5991
          6112
          6113
          6114
          6115
          6116
          6117
          6118
          6119
          6120
          6122
          6123
          6238
          6239
          6240
          6241
          6242
          6243
          6244
          6245
          6246
          6247
          6364
          6365
          6366
          6367
          6368
          6369
          6370
          6371
          6372
          6373
          6374
          6490
          6491
          6492
          6493
          6494
          6495
          6496
          6497
          6498
          6499
          6500
          6501
          6616
          6617
          6618
          6619
          6620
          6621
          6622
          6623
          6624
          6625
          6626
          6627
          6628
          6742
          6743
          6744
          6745
          6746
          6747
          6748
          6749
          6750
          6751
          6752
          6753
          6754
          6868
          6869
          6870
          6871
          6872
          6873
          6874
          6875
          6876
          6877
          6878
          6879
          6880
          6994
          6995
          6996
          6997
          6998
          6999
          7000
          7001
          7002
          7003
          7004
          7005
          7006
          7120
          7121
          7122
          7123
          7124
          7125
          7126
          7127
          7128
          7129
          7130
          7131
          7132
          7133
          7246
          7247
          7248
          7249
          7250
          7251
          7252
          7253
          7254
          7255
          7256
          7257
          7258
          7259
          7372
          7373
          7374
          7375
          7376
          7377
          7378
          7379
          7380
          7381
          7382
          7383
          7384
          7385
          7386
          7391
          7392
          7498
          7499
          7500
          7501
          7502
          7503
          7504
          7505
          7506
          7507
          7508
          7509
          7510
          7511
          7512
          7516
          7517
          7624
          7625
          7626
          7627
          7628
          7629
          7630
          7631
          7632
          7633
          7634
          7635
          7636
          7637
          7638
          7640
          7641
          7642
          7644
          7645
          7750
          7751
          7752
          7753
          7754
          7755
          7756
          7757
          7758
          7759
          7760
          7761
          7762
          7763
          7764
          7765
          7766
          7767
          7876
          7877
          7878
          7879
          7880
          7881
          7882
          7883
          7884
          7885
          7886
          7887
          7888
          7889
          7890
          7891
          7892
          7893
          8002
          8003
          8004
          8005
          8006
          8007
          8008
          8009
          8010
          8011
          8012
          8013
          8014
          8015
          8016
          8017
          8018
          8019
          8128
          8129
          8130
          8131
          8132
          8133
          8134
          8135
          8136
          8137
          8138
          8139
          8140
          8141
          8142
          8143
          8144
          8145
          8146
          8254
          8255
          8256
          8257
          8258
          8259
          8260
          8261
          8262
          8263
          8264
          8265
          8266
          8267
          8268
          8269
          8270
          8271
          8272
          8273
          8274
          8380
          8381
          8382
          8383
          8384
          8385
          8386
          8387
          8388
          8389
          8390
          8391
          8392
          8393
          8394
          8395
          8396
          8397
          8398
          8399
          8506
          8507
          8508
          8509
          8510
          8511
          8512
          8513
          8514
          8515
          8516
          8517
          8518
          8519
          8520
          8521
          8522
          8523
          8524
          8525
          8526
          8632
          8633
          8634
          8635
          8636
          8637
          8638
          8639
          8640
          8641
          8642
          8643
          8644
          8645
          8646
          8647
          8648
          8649
          8650
          8651
          8758
          8759
          8760
          8761
          8762
          8763
          8764
          8765
          8766
          8767
          8768
          8769
          8770
          8771
          8772
          8773
          8774
          8775
          8776
          8884
          8885
          8886
          8887
          8888
          8889
          8890
          8891
          8892
          8893
          8894
          8895
          8896
          8897
          8898
          8899
          8900
          8901
          8902
          9010
          9011
          9012
          9013
          9014
          9015
          9016
          9017
          9018
          9019
          9020
          9021
          9022
          9023
          9024
          9025
          9026
          9027
          9028
          9029
          9030
          9136
          9137
          9138
          9139
          9140
          9141
          9142
          9143
          9144
          9145
          9146
          9147
          9148
          9149
          9150
          9151
          9152
          9153
          9154
          9155
          9262
          9263
          9264
          9265
          9266
          9267
          9268
          9269
          9270
          9271
          9272
          9273
          9274
          9275
          9276
          9277
          9278
          9279
          9280
          9388
          9389
          9390
          9391
          9392
          9393
          9394
          9395
          9396
          9397
          9398
          9399
          9400
          9401
          9402
          9403
          9404
          9405
          9406
          9514
          9515
          9516
          9517
          9518
          9519
          9520
          9521
          9522
          9523
          9524
          9525
          9526
          9527
          9528
          9529
          9530
          9531
          9532
         24256
         24257
         24258
         24382
         24383
         24384
         24385
         24508
         24509
         24510
         24511
         24634
         24635
         24636
         24637
         24760
         24761
         24762
         24763
         24765
         24886
         24887
         24888
         24889
         24890
         24891
         25012
         25013
         25014
         25015
         25016
         25017
         25138
         25139
         25140
         25141
         25142
         25143
         25144
         25145
         25146
         25148
         25149
         25264
         25265
         25266
         25267
         25268
         25269
         25270
         25271
         25272
         25273
         25390
         25391
         25392
         25393
         25394
         25395
         25396
         25397
         25398
         25399
         25400
         25516
         25517
         25518
         25519
         25520
         25521
         25522
         25523
         25524
         25525
         25526
         25527
         25642
         25643
         25644
         25645
         25646
         25647
         25648
         25649
         25650
         25651
         25652
         25653
         25654
         25768
         25769
         25770
         25771
         25772
         25773
         25774
         25775
         25776
         25777
         25778
         25779
         25780
         25894
         25895
         25896
         25897
         25898
         25899
         25900
         25901
         25902
         25903
         25904
         25905
         25906
         26020
         26021
         26022
         26023
         26024
         26025
         26026
         26027
         26028
         26029
         26030
         26031
         26032
         26146
         26147
         26148
         26149
         26150
         26151
         26152
         26153
         26154
         26155
         26156
         26157
         26158
         26159
         26272
         26273
         26274
         26275
         26276
         26277
         26278
         26279
         26280
         26281
         26282
         26283
         26284
         26285
         26398
         26399
         26400
         26401
         26402
         26403
         26404
         26405
         26406
         26407
         26408
         26409
         26410
         26411
         26412
         26417
         26418
         26524
         26525
         26526
         26527
         26528
         26529
         26530
         26531
         26532
         26533
         26534
         26535
         26536
         26537
         26538
         26542
         26543
         26650
         26651
         26652
         26653
         26654
         26655
         26656
         26657
         26658
         26659
         26660
         26661
         26662
         26663
         26664
         26666
         26667
         26668
         26670
         26671
         26776
         26777
         26778
         26779
         26780
         26781
         26782
         26783
         26784
         26785
         26786
         26787
         26788
         26789
         26790
         26791
         26792
         26793
         26902
         26903
         26904
         26905
         26906
         26907
         26908
         26909
         26910
         26911
         26912
         26913
         26914
         26915
         26916
         26917
         26918
         26919
         27028
         27029
         27030
         27031
         27032
         27033
         27034
         27035
         27036
         27037
         27038
         27039
         27040
         27041
         27042
         27043
         27044
         27045
         27154
         27155
         27156
         27157
         27158
         27159
         27160
         27161
         27162
         27163
         27164
         27165
         27166
         27167
         27168
         27169
         27170
         27171
         27172
         27280
         27281
         27282
         27283
         27284
         27285
         27286
         27287
         27288
         27289
         27290
         27291
         27292
         27293
         27294
         27295
         27296
         27297
         27298
         27299
         27300
         27406
         27407
         27408
         27409
         27410
         27411
         27412
         27413
         27414
         27415
         27416
         27417
         27418
         27419
         27420
         27421
         27422
         27423
         27424
         27425
         27532
         27533
         27534
         27535
         27536
         27537
         27538
         27539
         27540
         27541
         27542
         27543
         27544
         27545
         27546
         27547
         27548
         27549
         27550
         27551
         27552
         27658
         27659
         27660
         27661
         27662
         27663
         27664
         27665
         27666
         27667
         27668
         27669
         27670
         27671
         27672
         27673
         27674
         27675
         27676
         27677
         27784
         27785
         27786
         27787
         27788
         27789
         27790
         27791
         27792
         27793
         27794
         27795
         27796
         27797
         27798
         27799
         27800
         27801
         27802
         27910
         27911
         27912
         27913
         27914
         27915
         27916
         27917
         27918
         27919
         27920
         27921
         27922
         27923
         27924
         27925
         27926
         27927
         27928
         28036
         28037
         28038
         28039
         28040
         28041
         28042
         28043
         28044
         28045
         28046
         28047
         28048
         28049
         28050
         28051
         28052
         28053
         28054
         28055
         28056
         28162
         28163
         28164
         28165
         28166
         28167
         28168
         28169
         28170
         28171
         28172
         28173
         28174
         28175
         28176
         28177
         28178
         28179
         28180
         28181
         28288
         28289
         28290
         28291
         28292
         28293
         28294
         28295
         28296
         28297
         28298
         28299
         28300
         28301
         28302
         28303
         28304
         28305
         28306
         28414
         28415
         28416
         28417
         28418
         28419
         28420
         28421
         28422
         28423
         28424
         28425
         28426
         28427
         28428
         28429
         28430
         28431
         28432
         28540
         28541
         28542
         28543
         28544
         28545
         28546
         28547
         28548
         28549
         28550
         28551
         28552
         28553
         28554
         28555
         28556
         28557
         28558
         43282
         43283
         43284
         43408
         43409
         43410
         43411
         43534
         43535
         43536
         43537
         43660
         43661
         43662
         43663
         43786
         43787
         43788
         43789
         43791
         43912
         43913
         43914
         43915
         43916
         43917
         44038
         44039
         44040
         44041
         44042
         44043
         44164
         44165
         44166
         44167
         44168
         44169
         44170
         44171
         44172
         44174
         44175
         44290
         44291
         44292
         44293
         44294
         44295
         44296
         44297
         44298
         44299
         44416
         44417
         44418
         44419
         44420
         44421
         44422
         44423
         44424
         44425
         44426
         44542
         44543
         44544
         44545
         44546
         44547
         44548
         44549
         44550
         44551
         44552
         44553
         44668
         44669
         44670
         44671
         44672
         44673
         44674
         44675
         44676
         44677
         44678
         44679
         44680
         44794
         44795
         44796
         44797
         44798
         44799
         44800
         44801
         44802
         44803
         44804
         44805
         44806
         44920
         44921
         44922
         44923
         44924
         44925
         44926
         44927
         44928
         44929
         44930
         44931
         44932
         45046
         45047
         45048
         45049
         45050
         45051
         45052
         45053
         45054
         45055
         45056
         45057
         45058
         45172
         45173
         45174
         45175
         45176
         45177
         45178
         45179
         45180
         45181
         45182
         45183
         45184
         45185
         45298
         45299
         45300
         45301
         45302
         45303
         45304
         45305
         45306
         45307
         45308
         45309
         45310
         45311
         45424
         45425
         45426
         45427
         45428
         45429
         45430
         45431
         45432
         45433
         45434
         45435
         45436
         45437
         45438
         45443
         45444
         45550
         45551
         45552
         45553
         45554
         45555
         45556
         45557
         45558
         45559
         45560
         45561
         45562
         45563
         45564
         45568
         45569
         45676
         45677
         45678
         45679
         45680
         45681
         45682
         45683
         45684
         45685
         45686
         45687
         45688
         45689
         45690
         45692
         45693
         45694
         45696
         45697
         45802
         45803
         45804
         45805
         45806
         45807
         45808
         45809
         45810
         45811
         45812
         45813
         45814
         45815
         45816
         45817
         45818
         45819
         45928
         45929
         45930
         45931
         45932
         45933
         45934
         45935
         45936
         45937
         45938
         45939
         45940
         45941
         45942
         45943
         45944
         45945
         46054
         46055
         46056
         46057
         46058
         46059
         46060
         46061
         46062
         46063
         46064
         46065
         46066
         46067
         46068
         46069
         46070
         46071
         46180
         46181
         46182
         46183
         46184
         46185
         46186
         46187
         46188
         46189
         46190
         46191
         46192
         46193
         46194
         46195
         46196
         46197
         46198
         46306
         46307
         46308
         46309
         46310
         46311
         46312
         46313
         46314
         46315
         46316
         46317
         46318
         46319
         46320
         46321
         46322
         46323
         46324
         46325
         46326
         46432
         46433
         46434
         46435
         46436
         46437
         46438
         46439
         46440
         46441
         46442
         46443
         46444
         46445
         46446
         46447
         46448
         46449
         46450
         46451
         46558
         46559
         46560
         46561
         46562
         46563
         46564
         46565
         46566
         46567
         46568
         46569
         46570
         46571
         46572
         46573
         46574
         46575
         46576
         46577
         46578
         46684
         46685
         46686
         46687
         46688
         46689
         46690
         46691
         46692
         46693
         46694
         46695
         46696
         46697
         46698
         46699
         46700
         46701
         46702
         46703
         46810
         46811
         46812
         46813
         46814
         46815
         46816
         46817
         46818
         46819
         46820
         46821
         46822
         46823
         46824
         46825
         46826
         46827
         46828
         46936
         46937
         46938
         46939
         46940
         46941
         46942
         46943
         46944
         46945
         46946
         46947
         46948
         46949
         46950
         46951
         46952
         46953
         46954
         47062
         47063
         47064
         47065
         47066
         47067
         47068
         47069
         47070
         47071
         47072
         47073
         47074
         47075
         47076
         47077
         47078
         47079
         47080
         47081
         47082
         47188
         47189
         47190
         47191
         47192
         47193
         47194
         47195
         47196
         47197
         47198
         47199
         47200
         47201
         47202
         47203
         47204
         47205
         47206
         47207
         47314
         47315
         47316
         47317
         47318
         47319
         47320
         47321
         47322
         47323
         47324
         47325
         47326
         47327
         47328
         47329
         47330
         47331
         47332
         47440
         47441
         47442
         47443
         47444
         47445
         47446
         47447
         47448
         47449
         47450
         47451
         47452
         47453
         47454
         47455
         47456
         47457
         47458
         47566
         47567
         47568
         47569
         47570
         47571
         47572
         47573
         47574
         47575
         47576
         47577
         47578
         47579
         47580
         47581
         47582
         47583
         47584
         62308
         62309
         62310
         62434
         62435
         62436
         62437
         62560
         62561
         62562
         62563
         62686
         62687
         62688
         62689
         62812
         62813
         62814
         62815
         62817
         62938
         62939
         62940
         62941
         62942
         62943
         63064
         63065
         63066
         63067
         63068
         63069
         63190
         63191
         63192
         63193
         63194
         63195
         63196
         63197
         63198
         63200
         63201
         63316
         63317
         63318
         63319
         63320
         63321
         63322
         63323
         63324
         63325
         63442
         63443
         63444
         63445
         63446
         63447
         63448
         63449
         63450
         63451
         63452
         63568
         63569
         63570
         63571
         63572
         63573
         63574
         63575
         63576
         63577
         63578
         63579
         63694
         63695
         63696
         63697
         63698
         63699
         63700
         63701
         63702
         63703
         63704
         63705
         63706
         63820
         63821
         63822
         63823
         63824
         63825
         63826
         63827
         63828
         63829
         63830
         63831
         63832
         63946
         63947
         63948
         63949
         63950
         63951
         63952
         63953
         63954
         63955
         63956
         63957
         63958
         64072
         64073
         64074
         64075
         64076
         64077
         64078
         64079
         64080
         64081
         64082
         64083
         64084
         64198
         64199
         64200
         64201
         64202
         64203
         64204
         64205
         64206
         64207
         64208
         64209
         64210
         64211
         64324
         64325
         64326
         64327
         64328
         64329
         64330
         64331
         64332
         64333
         64334
         64335
         64336
         64337
         64450
         64451
         64452
         64453
         64454
         64455
         64456
         64457
         64458
         64459
         64460
         64461
         64462
         64463
         64464
         64469
         64470
         64576
         64577
         64578
         64579
         64580
         64581
         64582
         64583
         64584
         64585
         64586
         64587
         64588
         64589
         64590
         64594
         64595
         64702
         64703
         64704
         64705
         64706
         64707
         64708
         64709
         64710
         64711
         64712
         64713
         64714
         64715
         64716
         64718
         64719
         64720
         64722
         64723
         64828
         64829
         64830
         64831
         64832
         64833
         64834
         64835
         64836
         64837
         64838
         64839
         64840
         64841
         64842
         64843
         64844
         64845
         64954
         64955
         64956
         64957
         64958
         64959
         64960
         64961
         64962
         64963
         64964
         64965
         64966
         64967
         64968
         64969
         64970
         64971
         65080
         65081
         65082
         65083
         65084
         65085
         65086
         65087
         65088
         65089
         65090
         65091
         65092
         65093
         65094
         65095
         65096
         65097
         65206
         65207
         65208
         65209
         65210
         65211
         65212
         65213
         65214
         65215
         65216
         65217
         65218
         65219
         65220
         65221
         65222
         65223
         65224
         65332
         65333
         65334
         65335
         65336
         65337
         65338
         65339
         65340
         65341
         65342
         65343
         65344
         65345
         65346
         65347
         65348
         65349
         65350
         65351
         65352
         65458
         65459
         65460
         65461
         65462
         65463
         65464
         65465
         65466
         65467
         65468
         65469
         65470
         65471
         65472
         65473
         65474
         65475
         65476
         65477
         65584
         65585
         65586
         65587
         65588
         65589
         65590
         65591
         65592
         65593
         65594
         65595
         65596
         65597
         65598
         65599
         65600
         65601
         65602
         65603
         65604
         65710
         65711
         65712
         65713
         65714
         65715
         65716
         65717
         65718
         65719
         65720
         65721
         65722
         65723
         65724
         65725
         65726
         65727
         65728
         65729
         65836
         65837
         65838
         65839
         65840
         65841
         65842
         65843
         65844
         65845
         65846
         65847
         65848
         65849
         65850
         65851
         65852
         65853
         65854
         65962
         65963
         65964
         65965
         65966
         65967
         65968
         65969
         65970
         65971
         65972
         65973
         65974
         65975
         65976
         65977
         65978
         65979
         65980
         66088
         66089
         66090
         66091
         66092
         66093
         66094
         66095
         66096
         66097
         66098
         66099
         66100
         66101
         66102
         66103
         66104
         66105
         66106
         66107
         66108
         66214
         66215
         66216
         66217
         66218
         66219
         66220
         66221
         66222
         66223
         66224
         66225
         66226
         66227
         66228
         66229
         66230
         66231
         66232
         66233
         66340
         66341
         66342
         66343
         66344
         66345
         66346
         66347
         66348
         66349
         66350
         66351
         66352
         66353
         66354
         66355
         66356
         66357
         66358
         66466
         66467
         66468
         66469
         66470
         66471
         66472
         66473
         66474
         66475
         66476
         66477
         66478
         66479
         66480
         66481
         66482
         66483
         66484
         66592
         66593
         66594
         66595
         66596
         66597
         66598
         66599
         66600
         66601
         66602
         66603
         66604
         66605
         66606
         66607
         66608
         66609
         66610
         81334
         81335
         81336
         81460
         81461
         81462
         81463
         81586
         81587
         81588
         81589
         81712
         81713
         81714
         81715
         81838
         81839
         81840
         81841
         81843
         81964
         81965
         81966
         81967
         81968
         81969
         82090
         82091
         82092
         82093
         82094
         82095
         82216
         82217
         82218
         82219
         82220
         82221
         82222
         82223
         82224
         82226
         82227
         82342
         82343
         82344
         82345
         82346
         82347
         82348
         82349
         82350
         82351
         82468
         82469
         82470
         82471
         82472
         82473
         82474
         82475
         82476
         82477
         82478
         82594
         82595
         82596
         82597
         82598
         82599
         82600
         82601
         82602
         82603
         82604
         82605
         82720
         82721
         82722
         82723
         82724
         82725
         82726
         82727
         82728
         82729
         82730
         82731
         82732
         82846
         82847
         82848
         82849
         82850
         82851
         82852
         82853
         82854
         82855
         82856
         82857
         82858
         82972
         82973
         82974
         82975
         82976
         82977
         82978
         82979
         82980
         82981
         82982
         82983
         82984
         83098
         83099
         83100
         83101
         83102
         83103
         83104
         83105
         83106
         83107
         83108
         83109
         83110
         83224
         83225
         83226
         83227
         83228
         83229
         83230
         83231
         83232
         83233
         83234
         83235
         83236
         83237
         83350
         83351
         83352
         83353
         83354
         83355
         83356
         83357
         83358
         83359
         83360
         83361
         83362
         83363
         83476
         83477
         83478
         83479
         83480
         83481
         83482
         83483
         83484
         83485
         83486
         83487
         83488
         83489
         83490
         83495
         83496
         83602
         83603
         83604
         83605
         83606
         83607
         83608
         83609
         83610
         83611
         83612
         83613
         83614
         83615
         83616
         83620
         83621
         83728
         83729
         83730
         83731
         83732
         83733
         83734
         83735
         83736
         83737
         83738
         83739
         83740
         83741
         83742
         83744
         83745
         83746
         83748
         83749
         83854
         83855
         83856
         83857
         83858
         83859
         83860
         83861
         83862
         83863
         83864
         83865
         83866
         83867
         83868
         83869
         83870
         83871
         83980
         83981
         83982
         83983
         83984
         83985
         83986
         83987
         83988
         83989
         83990
         83991
         83992
         83993
         83994
         83995
         83996
         83997
         84106
         84107
         84108
         84109
         84110
         84111
         84112
         84113
         84114
         84115
         84116
         84117
         84118
         84119
         84120
         84121
         84122
         84123
         84232
         84233
         84234
         84235
         84236
         84237
         84238
         84239
         84240
         84241
         84242
         84243
         84244
         84245
         84246
         84247
         84248
         84249
         84250
         84358
         84359
         84360
         84361
         84362
         84363
         84364
         84365
         84366
         84367
         84368
         84369
         84370
         84371
         84372
         84373
         84374
         84375
         84376
         84377
         84378
         84484
         84485
         84486
         84487
         84488
         84489
         84490
         84491
         84492
         84493
         84494
         84495
         84496
         84497
         84498
         84499
         84500
         84501
         84502
         84503
         84610
         84611
         84612
         84613
         84614
         84615
         84616
         84617
         84618
         84619
         84620
         84621
         84622
         84623
         84624
         84625
         84626
         84627
         84628
         84629
         84630
         84736
         84737
         84738
         84739
         84740
         84741
         84742
         84743
         84744
         84745
         84746
         84747
         84748
         84749
         84750
         84751
         84752
         84753
         84754
         84755
         84862
         84863
         84864
         84865
         84866
         84867
         84868
         84869
         84870
         84871
         84872
         84873
         84874
         84875
         84876
         84877
         84878
         84879
         84880
         84988
         84989
         84990
         84991
         84992
         84993
         84994
         84995
         84996
         84997
         84998
         84999
         85000
         85001
         85002
         85003
         85004
         85005
         85006
         85114
         85115
         85116
         85117
         85118
         85119
         85120
         85121
         85122
         85123
         85124
         85125
         85126
         85127
         85128
         85129
         85130
         85131
         85132
         85133
         85134
         85240
         85241
         85242
         85243
         85244
         85245
         85246
         85247
         85248
         85249
         85250
         85251
         85252
         85253
         85254
         85255
         85256
         85257
         85258
         85259
         85366
         85367
         85368
         85369
         85370
         85371
         85372
         85373
         85374
         85375
         85376
         85377
         85378
         85379
         85380
         85381
         85382
         85383
         85384
         85492
         85493
         85494
         85495
         85496
         85497
         85498
         85499
         85500
         85501
         85502
         85503
         85504
         85505
         85506
         85507
         85508
         85509
         85510
         85618
         85619
         85620
         85621
         85622
         85623
         85624
         85625
         85626
         85627
         85628
         85629
         85630
         85631
         85632
         85633
         85634
         85635
         85636
        100360
        100361
        100362
        100486
        100487
        100488
        100489
        100612
        100613
        100614
        100615
        100738
        100739
        100740
        100741
        100864
        100865
        100866
        100867
        100869
        100990
        100991
        100992
        100993
        100994
        100995
        101116
        101117
        101118
        101119
        101120
        101121
        101242
        101243
        101244
        101245
        101246
        101247
        101248
        101249
        101250
        101252
        101253
        101368
        101369
        101370
        101371
        101372
        101373
        101374
        101375
        101376
        101377
        101494
        101495
        101496
        101497
        101498
        101499
        101500
        101501
        101502
        101503
        101504
        101620
        101621
        101622
        101623
        101624
        101625
        101626
        101627
        101628
        101629
        101630
        101631
        101746
        101747
        101748
        101749
        101750
        101751
        101752
        101753
        101754
        101755
        101756
        101757
        101758
        101872
        101873
        101874
        101875
        101876
        101877
        101878
        101879
        101880
        101881
        101882
        101883
        101884
        101998
        101999
        102000
        102001
        102002
        102003
        102004
        102005
        102006
        102007
        102008
        102009
        102010
        102124
        102125
        102126
        102127
        102128
        102129
        102130
        102131
        102132
        102133
        102134
        102135
        102136
        102250
        102251
        102252
        102253
        102254
        102255
        102256
        102257
        102258
        102259
        102260
        102261
        102262
        102263
        102376
        102377
        102378
        102379
        102380
        102381
        102382
        102383
        102384
        102385
        102386
        102387
        102388
        102389
        102502
        102503
        102504
        102505
        102506
        102507
        102508
        102509
        102510
        102511
        102512
        102513
        102514
        102515
        102516
        102521
        102522
        102628
        102629
        102630
        102631
        102632
        102633
        102634
        102635
        102636
        102637
        102638
        102639
        102640
        102641
        102642
        102646
        102647
        102754
        102755
        102756
        102757
        102758
        102759
        102760
        102761
        102762
        102763
        102764
        102765
        102766
        102767
        102768
        102770
        102771
        102772
        102774
        102775
        102880
        102881
        102882
        102883
        102884
        102885
        102886
        102887
        102888
        102889
        102890
        102891
        102892
        102893
        102894
        102895
        102896
        102897
        103006
        103007
        103008
        103009
        103010
        103011
        103012
        103013
        103014
        103015
        103016
        103017
        103018
        103019
        103020
        103021
        103022
        103023
        103132
        103133
        103134
        103135
        103136
        103137
        103138
        103139
        103140
        103141
        103142
        103143
        103144
        103145
        103146
        103147
        103148
        103149
        103258
        103259
        103260
        103261
        103262
        103263
        103264
        103265
        103266
        103267
        103268
        103269
        103270
        103271
        103272
        103273
        103274
        103275
        103276
        103384
        103385
        103386
        103387
        103388
        103389
        103390
        103391
        103392
        103393
        103394
        103395
        103396
        103397
        103398
        103399
        103400
        103401
        103402
        103403
        103404
        103510
        103511
        103512
        103513
        103514
        103515
        103516
        103517
        103518
        103519
        103520
        103521
        103522
        103523
        103524
        103525
        103526
        103527
        103528
        103529
        103636
        103637
        103638
        103639
        103640
        103641
        103642
        103643
        103644
        103645
        103646
        103647
        103648
        103649
        103650
        103651
        103652
        103653
        103654
        103655
        103656
        103762
        103763
        103764
        103765
        103766
        103767
        103768
        103769
        103770
        103771
        103772
        103773
        103774
        103775
        103776
        103777
        103778
        103779
        103780
        103781
        103888
        103889
        103890
        103891
        103892
        103893
        103894
        103895
        103896
        103897
        103898
        103899
        103900
        103901
        103902
        103903
        103904
        103905
        103906
        104014
        104015
        104016
        104017
        104018
        104019
        104020
        104021
        104022
        104023
        104024
        104025
        104026
        104027
        104028
        104029
        104030
        104031
        104032
        104140
        104141
        104142
        104143
        104144
        104145
        104146
        104147
        104148
        104149
        104150
        104151
        104152
        104153
        104154
        104155
        104156
        104157
        104158
        104159
        104160
        104266
        104267
        104268
        104269
        104270
        104271
        104272
        104273
        104274
        104275
        104276
        104277
        104278
        104279
        104280
        104281
        104282
        104283
        104284
        104285
        104392
        104393
        104394
        104395
        104396
        104397
        104398
        104399
        104400
        104401
        104402
        104403
        104404
        104405
        104406
        104407
        104408
        104409
        104410
        104518
        104519
        104520
        104521
        104522
        104523
        104524
        104525
        104526
        104527
        104528
        104529
        104530
        104531
        104532
        104533
        104534
        104535
        104536
        104644
        104645
        104646
        104647
        104648
        104649
        104650
        104651
        104652
        104653
        104654
        104655
        104656
        104657
        104658
        104659
        104660
        104661
        104662
        119386
        119387
        119388
        119512
        119513
        119514
        119515
        119638
        119639
        119640
        119641
        119764
        119765
        119766
        119767
        119890
        119891
        119892
        119893
        119895
        120016
        120017
        120018
        120019
        120020
        120021
        120142
        120143
        120144
        120145
        120146
        120147
        120268
        120269
        120270
        120271
        120272
        120273
        120274
        120275
        120276
        120278
        120279
        120394
        120395
        120396
        120397
        120398
        120399
        120400
        120401
        120402
        120403
        120520
        120521
        120522
        120523
        120524
        120525
        120526
        120527
        120528
        120529
        120530
        120646
        120647
        120648
        120649
        120650
        120651
        120652
        120653
        120654
        120655
        120656
        120657
        120772
        120773
        120774
        120775
        120776
        120777
        120778
        120779
        120780
        120781
        120782
        120783
        120784
        120898
        120899
        120900
        120901
        120902
        120903
        120904
        120905
        120906
        120907
        120908
        120909
        120910
        121024
        121025
        121026
        121027
        121028
        121029
        121030
        121031
        121032
        121033
        121034
        121035
        121036
        121150
        121151
        121152
        121153
        121154
        121155
        121156
        121157
        121158
        121159
        121160
        121161
        121162
        121276
        121277
        121278
        121279
        121280
        121281
        121282
        121283
        121284
        121285
        121286
        121287
        121288
        121289
        121402
        121403
        121404
        121405
        121406
        121407
        121408
        121409
        121410
        121411
        121412
        121413
        121414
        121415
        121528
        121529
        121530
        121531
        121532
        121533
        121534
        121535
        121536
        121537
        121538
        121539
        121540
        121541
        121542
        121547
        121548
        121654
        121655
        121656
        121657
        121658
        121659
        121660
        121661
        121662
        121663
        121664
        121665
        121666
        121667
        121668
        121672
        121673
        121780
        121781
        121782
        121783
        121784
        121785
        121786
        121787
        121788
        121789
        121790
        121791
        121792
        121793
        121794
        121796
        121797
        121798
        121800
        121801
        121906
        121907
        121908
        121909
        121910
        121911
        121912
        121913
        121914
        121915
        121916
        121917
        121918
        121919
        121920
        121921
        121922
        121923
        122032
        122033
        122034
        122035
        122036
        122037
        122038
        122039
        122040
        122041
        122042
        122043
        122044
        122045
        122046
        122047
        122048
        122049
        122158
        122159
        122160
        122161
        122162
        122163
        122164
        122165
        122166
        122167
        122168
        122169
        122170
        122171
        122172
        122173
        122174
        122175
        122284
        122285
        122286
        122287
        122288
        122289
        122290
        122291
        122292
        122293
        122294
        122295
        122296
        122297
        122298
        122299
        122300
        122301
        122302
        122410
        122411
        122412
        122413
        122414
        122415
        122416
        122417
        122418
        122419
        122420
        122421
        122422
        122423
        122424
        122425
        122426
        122427
        122428
        122429
        122430
        122536
        122537
        122538
        122539
        122540
        122541
        122542
        122543
        122544
        122545
        122546
        122547
        122548
        122549
        122550
        122551
        122552
        122553
        122554
        122555
        122662
        122663
        122664
        122665
        122666
        122667
        122668
        122669
        122670
        122671
        122672
        122673
        122674
        122675
        122676
        122677
        122678
        122679
        122680
        122681
        122682
        122788
        122789
        122790
        122791
        122792
        122793
        122794
        122795
        122796
        122797
        122798
        122799
        122800
        122801
        122802
        122803
        122804
        122805
        122806
        122807
        122914
        122915
        122916
        122917
        122918
        122919
        122920
        122921
        122922
        122923
        122924
        122925
        122926
        122927
        122928
        122929
        122930
        122931
        122932
        123040
        123041
        123042
        123043
        123044
        123045
        123046
        123047
        123048
        123049
        123050
        123051
        123052
        123053
        123054
        123055
        123056
        123057
        123058
        123166
        123167
        123168
        123169
        123170
        123171
        123172
        123173
        123174
        123175
        123176
        123177
        123178
        123179
        123180
        123181
        123182
        123183
        123184
        123185
        123186
        123292
        123293
        123294
        123295
        123296
        123297
        123298
        123299
        123300
        123301
        123302
        123303
        123304
        123305
        123306
        123307
        123308
        123309
        123310
        123311
        123418
        123419
        123420
        123421
        123422
        123423
        123424
        123425
        123426
        123427
        123428
        123429
        123430
        123431
        123432
        123433
        123434
        123435
        123436
        123544
        123545
        123546
        123547
        123548
        123549
        123550
        123551
        123552
        123553
        123554
        123555
        123556
        123557
        123558
        123559
        123560
        123561
        123562
        123670
        123671
        123672
        123673
        123674
        123675
        123676
        123677
        123678
        123679
        123680
        123681
        123682
        123683
        123684
        123685
        123686
        123687
        123688
        138412
        138413
        138414
        138538
        138539
        138540
        138541
        138664
        138665
        138666
        138667
        138790
        138791
        138792
        138793
        138916
        138917
        138918
        138919
        138921
        139042
        139043
        139044
        139045
        139046
        139047
        139168
        139169
        139170
        139171
        139172
        139173
        139294
        139295
        139296
        139297
        139298
        139299
        139300
        139301
        139302
        139304
        139305
        139420
        139421
        139422
        139423
        139424
        139425
        139426
        139427
        139428
        139429
        139546
        139547
        139548
        139549
        139550
        139551
        139552
        139553
        139554
        139555
        139556
        139672
        139673
        139674
        139675
        139676
        139677
        139678
        139679
        139680
        139681
        139682
        139683
        139798
        139799
        139800
        139801
        139802
        139803
        139804
        139805
        139806
        139807
        139808
        139809
        139810
        139924
        139925
        139926
        139927
        139928
        139929
        139930
        139931
        139932
        139933
        139934
        139935
        139936
        140050
        140051
        140052
        140053
        140054
        140055
        140056
        140057
        140058
        140059
        140060
        140061
        140062
        140176
        140177
        140178
        140179
        140180
        140181
        140182
        140183
        140184
        140185
        140186
        140187
        140188
        140302
        140303
        140304
        140305
        140306
        140307
        140308
        140309
        140310
        140311
        140312
        140313
        140314
        140315
        140428
        140429
        140430
        140431
        140432
        140433
        140434
        140435
        140436
        140437
        140438
        140439
        140440
        140441
        140554
        140555
        140556
        140557
        140558
        140559
        140560
        140561
        140562
        140563
        140564
        140565
        140566
        140567
        140568
        140573
        140574
        140680
        140681
        140682
        140683
        140684
        140685
        140686
        140687
        140688
        140689
        140690
        140691
        140692
        140693
        140694
        140698
        140699
        140806
        140807
        140808
        140809
        140810
        140811
        140812
        140813
        140814
        140815
        140816
        140817
        140818
        140819
        140820
        140822
        140823
        140824
        140826
        140827
        140932
        140933
        140934
        140935
        140936
        140937
        140938
        140939
        140940
        140941
        140942
        140943
        140944
        140945
        140946
        140947
        140948
        140949
        141058
        141059
        141060
        141061
        141062
        141063
        141064
        141065
        141066
        141067
        141068
        141069
        141070
        141071
        141072
        141073
        141074
        141075
        141184
        141185
        141186
        141187
        141188
        141189
        141190
        141191
        141192
        141193
        141194
        141195
        141196
        141197
        141198
        141199
        141200
        141201
        141310
        141311
        141312
        141313
        141314
        141315
        141316
        141317
        141318
        141319
        141320
        141321
        141322
        141323
        141324
        141325
        141326
        141327
        141328
        141436
        141437
        141438
        141439
        141440
        141441
        141442
        141443
        141444
        141445
        141446
        141447
        141448
        141449
        141450
        141451
        141452
        141453
        141454
        141455
        141456
        141562
        141563
        141564
        141565
        141566
        141567
        141568
        141569
        141570
        141571
        141572
        141573
        141574
        141575
        141576
        141577
        141578
        141579
        141580
        141581
        141688
        141689
        141690
        141691
        141692
        141693
        141694
        141695
        141696
        141697
        141698
        141699
        141700
        141701
        141702
        141703
        141704
        141705
        141706
        141707
        141708
        141814
        141815
        141816
        141817
        141818
        141819
        141820
        141821
        141822
        141823
        141824
        141825
        141826
        141827
        141828
        141829
        141830
        141831
        141832
        141833
        141940
        141941
        141942
        141943
        141944
        141945
        141946
        141947
        141948
        141949
        141950
        141951
        141952
        141953
        141954
        141955
        141956
        141957
        141958
        142066
        142067
        142068
        142069
        142070
        142071
        142072
        142073
        142074
        142075
        142076
        142077
        142078
        142079
        142080
        142081
        142082
        142083
        142084
        142192
        142193
        142194
        142195
        142196
        142197
        142198
        142199
        142200
        142201
        142202
        142203
        142204
        142205
        142206
        142207
        142208
        142209
        142210
        142211
        142212
        142318
        142319
        142320
        142321
        142322
        142323
        142324
        142325
        142326
        142327
        142328
        142329
        142330
        142331
        142332
        142333
        142334
        142335
        142336
        142337
        142444
        142445
        142446
        142447
        142448
        142449
        142450
        142451
        142452
        142453
        142454
        142455
        142456
        142457
        142458
        142459
        142460
        142461
        142462
        142570
        142571
        142572
        142573
        142574
        142575
        142576
        142577
        142578
        142579
        142580
        142581
        142582
        142583
        142584
        142585
        142586
        142587
        142588
        142696
        142697
        142698
        142699
        142700
        142701
        142702
        142703
        142704
        142705
        142706
        142707
        142708
        142709
        142710
        142711
        142712
        142713
        142714
        157438
        157439
        157440
        157564
        157565
        157566
        157567
        157690
        157691
        157692
        157693
        157816
        157817
        157818
        157819
        157942
        157943
        157944
        157945
        157947
        158068
        158069
        158070
        158071
        158072
        158073
        158194
        158195
        158196
        158197
        158198
        158199
        158320
        158321
        158322
        158323
        158324
        158325
        158326
        158327
        158328
        158330
        158331
        158446
        158447
        158448
        158449
        158450
        158451
        158452
        158453
        158454
        158455
        158572
        158573
        158574
        158575
        158576
        158577
        158578
        158579
        158580
        158581
        158582
        158698
        158699
        158700
        158701
        158702
        158703
        158704
        158705
        158706
        158707
        158708
        158709
        158824
        158825
        158826
        158827
        158828
        158829
        158830
        158831
        158832
        158833
        158834
        158835
        158836
        158950
        158951
        158952
        158953
        158954
        158955
        158956
        158957
        158958
        158959
        158960
        158961
        158962
        159076
        159077
        159078
        159079
        159080
        159081
        159082
        159083
        159084
        159085
        159086
        159087
        159088
        159202
        159203
        159204
        159205
        159206
        159207
        159208
        159209
        159210
        159211
        159212
        159213
        159214
        159328
        159329
        159330
        159331
        159332
        159333
        159334
        159335
        159336
        159337
        159338
        159339
        159340
        159341
        159454
        159455
        159456
        159457
        159458
        159459
        159460
        159461
        159462
        159463
        159464
        159465
        159466
        159467
        159580
        159581
        159582
        159583
        159584
        159585
        159586
        159587
        159588
        159589
        159590
        159591
        159592
        159593
        159594
        159599
        159600
        159706
        159707
        159708
        159709
        159710
        159711
        159712
        159713
        159714
        159715
        159716
        159717
        159718
        159719
        159720
        159724
        159725
        159832
        159833
        159834
        159835
        159836
        159837
        159838
        159839
        159840
        159841
        159842
        159843
        159844
        159845
        159846
        159848
        159849
        159850
        159852
        159853
        159958
        159959
        159960
        159961
        159962
        159963
        159964
        159965
        159966
        159967
        159968
        159969
        159970
        159971
        159972
        159973
        159974
        159975
        160084
        160085
        160086
        160087
        160088
        160089
        160090
        160091
        160092
        160093
        160094
        160095
        160096
        160097
        160098
        160099
        160100
        160101
        160210
        160211
        160212
        160213
        160214
        160215
        160216
        160217
        160218
        160219
        160220
        160221
        160222
        160223
        160224
        160225
        160226
        160227
        160336
        160337
        160338
        160339
        160340
        160341
        160342
        160343
        160344
        160345
        160346
        160347
        160348
        160349
        160350
        160351
        160352
        160353
        160354
        160462
        160463
        160464
        160465
        160466
        160467
        160468
        160469
        160470
        160471
        160472
        160473
        160474
        160475
        160476
        160477
        160478
        160479
        160480
        160481
        160482
        160588
        160589
        160590
        160591
        160592
        160593
        160594
        160595
        160596
        160597
        160598
        160599
        160600
        160601
        160602
        160603
        160604
        160605
        160606
        160607
        160714
        160715
        160716
        160717
        160718
        160719
        160720
        160721
        160722
        160723
        160724
        160725
        160726
        160727
        160728
        160729
        160730
        160731
        160732
        160733
        160734
        160840
        160841
        160842
        160843
        160844
        160845
        160846
        160847
        160848
        160849
        160850
        160851
        160852
        160853
        160854
        160855
        160856
        160857
        160858
        160859
        160966
        160967
        160968
        160969
        160970
        160971
        160972
        160973
        160974
        160975
        160976
        160977
        160978
        160979
        160980
        160981
        160982
        160983
        160984
        161092
        161093
        161094
        161095
        161096
        161097
        161098
        161099
        161100
        161101
        161102
        161103
        161104
        161105
        161106
        161107
        161108
        161109
        161110
        161218
        161219
        161220
        161221
        161222
        161223
        161224
        161225
        161226
        161227
        161228
        161229
        161230
        161231
        161232
        161233
        161234
        161235
        161236
        161237
        161238
        161344
        161345
        161346
        161347
        161348
        161349
        161350
        161351
        161352
        161353
        161354
        161355
        161356
        161357
        161358
        161359
        161360
        161361
        161362
        161363
        161470
        161471
        161472
        161473
        161474
        161475
        161476
        161477
        161478
        161479
        161480
        161481
        161482
        161483
        161484
        161485
        161486
        161487
        161488
        161596
        161597
        161598
        161599
        161600
        161601
        161602
        161603
        161604
        161605
        161606
        161607
        161608
        161609
        161610
        161611
        161612
        161613
        161614
        161722
        161723
        161724
        161725
        161726
        161727
        161728
        161729
        161730
        161731
        161732
        161733
        161734
        161735
        161736
        161737
        161738
        161739
        161740
        176464
        176465
        176466
        176590
        176591
        176592
        176593
        176716
        176717
        176718
        176719
        176842
        176843
        176844
        176845
        176968
        176969
        176970
        176971
        176973
        177094
        177095
        177096
        177097
        177098
        177099
        177220
        177221
        177222
        177223
        177224
        177225
        177346
        177347
        177348
        177349
        177350
        177351
        177352
        177353
        177354
        177356
        177357
        177472
        177473
        177474
        177475
        177476
        177477
        177478
        177479
        177480
        177481
        177598
        177599
        177600
        177601
        177602
        177603
        177604
        177605
        177606
        177607
        177608
        177724
        177725
        177726
        177727
        177728
        177729
        177730
        177731
        177732
        177733
        177734
        177735
        177850
        177851
        177852
        177853
        177854
        177855
        177856
        177857
        177858
        177859
        177860
        177861
        177862
        177976
        177977
        177978
        177979
        177980
        177981
        177982
        177983
        177984
        177985
        177986
        177987
        177988
        178102
        178103
        178104
        178105
        178106
        178107
        178108
        178109
        178110
        178111
        178112
        178113
        178114
        178228
        178229
        178230
        178231
        178232
        178233
        178234
        178235
        178236
        178237
        178238
        178239
        178240
        178354
        178355
        178356
        178357
        178358
        178359
        178360
        178361
        178362
        178363
        178364
        178365
        178366
        178367
        178480
        178481
        178482
        178483
        178484
        178485
        178486
        178487
        178488
        178489
        178490
        178491
        178492
        178493
        178606
        178607
        178608
        178609
        178610
        178611
        178612
        178613
        178614
        178615
        178616
        178617
        178618
        178619
        178620
        178625
        178626
        178732
        178733
        178734
        178735
        178736
        178737
        178738
        178739
        178740
        178741
        178742
        178743
        178744
        178745
        178746
        178750
        178751
        178858
        178859
        178860
        178861
        178862
        178863
        178864
        178865
        178866
        178867
        178868
        178869
        178870
        178871
        178872
        178874
        178875
        178876
        178878
        178879
        178984
        178985
        178986
        178987
        178988
        178989
        178990
        178991
        178992
        178993
        178994
        178995
        178996
        178997
        178998
        178999
        179000
        179001
        179110
        179111
        179112
        179113
        179114
        179115
        179116
        179117
        179118
        179119
        179120
        179121
        179122
        179123
        179124
        179125
        179126
        179127
        179236
        179237
        179238
        179239
        179240
        179241
        179242
        179243
        179244
        179245
        179246
        179247
        179248
        179249
        179250
        179251
        179252
        179253
        179362
        179363
        179364
        179365
        179366
        179367
        179368
        179369
        179370
        179371
        179372
        179373
        179374
        179375
        179376
        179377
        179378
        179379
        179380
        179488
        179489
        179490
        179491
        179492
        179493
        179494
        179495
        179496
        179497
        179498
        179499
        179500
        179501
        179502
        179503
        179504
        179505
        179506
        179507
        179508
        179614
        179615
        179616
        179617
        179618
        179619
        179620
        179621
        179622
        179623
        179624
        179625
        179626
        179627
        179628
        179629
        179630
        179631
        179632
        179633
        179740
        179741
        179742
        179743
        179744
        179745
        179746
        179747
        179748
        179749
        179750
        179751
        179752
        179753
        179754
        179755
        179756
        179757
        179758
        179759
        179760
        179866
        179867
        179868
        179869
        179870
        179871
        179872
        179873
        179874
        179875
        179876
        179877
        179878
        179879
        179880
        179881
        179882
        179883
        179884
        179885
        179992
        179993
        179994
        179995
        179996
        179997
        179998
        179999
        180000
        180001
        180002
        180003
        180004
        180005
        180006
        180007
        180008
        180009
        180010
        180118
        180119
        180120
        180121
        180122
        180123
        180124
        180125
        180126
        180127
        180128
        180129
        180130
        180131
        180132
        180133
        180134
        180135
        180136
        180244
        180245
        180246
        180247
        180248
        180249
        180250
        180251
        180252
        180253
        180254
        180255
        180256
        180257
        180258
        180259
        180260
        180261
        180262
        180263
        180264
        180370
        180371
        180372
        180373
        180374
        180375
        180376
        180377
        180378
        180379
        180380
        180381
        180382
        180383
        180384
        180385
        180386
        180387
        180388
        180389
        180496
        180497
        180498
        180499
        180500
        180501
        180502
        180503
        180504
        180505
        180506
        180507
        180508
        180509
        180510
        180511
        180512
        180513
        180514
        180622
        180623
        180624
        180625
        180626
        180627
        180628
        180629
        180630
        180631
        180632
        180633
        180634
        180635
        180636
        180637
        180638
        180639
        180640
        180748
        180749
        180750
        180751
        180752
        180753
        180754
        180755
        180756
        180757
        180758
        180759
        180760
        180761
        180762
        180763
        180764
        180765
        180766
