2087 2
-9.32223
2.81919
-2.2228
-1.18676
-47.1754
-0.30707
-15.4564
25.4026
-4.15481
-27.8905
-15.2873
75.0835
-16.0573
-15.2779
1.07619
3.81921
-13.0784
316.416
-4.93944
13.0344
-16.4694
17.0952
-18.6442
-4.78117
58.8183
-140.574
-3.77396
-1.11032
-3.86363
-0.297379
24.5164
-12.0554
-90.649
49.9632
-209.283
26.8899
-74.0639
40.7428
200.146
-237.214
17.7077
-23.3819
29.2755
-117.002
16.2212
-114.655
16.9012
-142.447
47.1955
-124.236
7.39138
-75.7975
-39.9378
12.3372
-31.2037
13.6951
34.9458
6.48349
-2.34989
28.9457
-6.34853
-6.273
-22.8995
42.4691
-36.8498
47.758
-5.36513
18.1218
23.4185
-10.2611
-14.7819
-6.16192
-68.5683
1.90776
90.2409
-195.761
-2.87764
9.45268
-409.57
1.97616
-172.36
67.8785
-6.97794
345.871
-126.688
55.7883
-138.598
8.43471
-10.1853
-139.346
8.08296
44.7935
-11.5979
25.3962
-2.11673
13.9491
-50.3258
65.9529
-7.00265
7.18233
-15.1622
17.0368
1.9945
25.489
-30.4542
18.6957
-133.596
113.83
-6.87951
982.937
-1.86222
-14.7479
558.995
0.97919
-0.782262
14.0769
-7.77214
6.33471
9.67109
7.08988
-17.8367
15.8873
-7.91403
-0.603995
5.54278
-0.187013
9.21193
-57.3113
3.25366
-1.93938
0.982357
3.20784
4.67306
3.28465
-72.4514
5.26763
-3.03934
2.91558
-0.353649
9.8409
3.5073
30.008
-55.0313
4.65334
-12.6068
24.3486
80.2805
-78.7504
10.2367
74.4961
-17.9419
105.109
21.0972
-17.7488
7.11384
2.93924
-26.2773
13.7336
-14.1235
17.2788
2.84128
-1.35596
-86.362
9.86853
-177.172
23.584
-168.54
4.02981
-12.5924
65.6811
-20.3704
-0.401833
2.89649
38.7123
-42.7627
-0.273179
-4.59535
19.1656
2.06355
-6.95779
-5.24717
110.25
-27.3369
25.7566
-4.75231
32.0562
-97.4688
-3.34925
6.24575
-13.0529
0.700787
0.879982
0.625841
11.631
-1.84261
-23.0427
7.55901
-39.1809
-4.2849
10.0726
7.75345
10.0642
-2.05069
-56.1915
5.74215
-191.646
28.3779
-496.474
-11.0891
-541.834
41.9822
-653.654
58.3996
-2134.37
49.8749
-370.315
1.13421
-196.682
82.7613
-210.109
287.045
-162.019
26.8027
35.3174
1.87587
-22.4785
125.636
6.0996
3.53195
-59.6434
-38.3013
1.17429
56.3471
293.657
0.864457
-2.53928
13.088
-6.4405
8.98611
1.17905
-3.25178
27.8075
0.481615
2.16549
45.9955
5.12438
91.8955
0.822921
9.26614
8.31664
2.43162
24.5361
-40.3906
11.5865
-9.54024
-153.876
1.79685
-450.226
-5.20878
-391.418
15.3757
13.614
-40.5283
25.4361
-6.04239
89.7743
-150.009
-0.705449
17.623
-173.879
38.3254
-269.012
-2.5243
-87.6291
12.2435
-49.234
3.45438
8.90195
-141.112
19.309
-1.60019
-3.08337
35.6598
-264.384
1.15479
-15.1798
26.1848
9.03081
-207.113
13.3645
8.54897
-161.861
0.110874
0.310428
4.02431
6.10812
-2.36265
15.3107
-243.291
-0.663887
-563.291
-0.513171
-282.786
4.45119
-184.298
1.0124
-20.6724
0.895852
-44.1806
-0.15646
5.26134
0.281939
-198.569
7.98051
11.8246
9.45604
0.713598
-358.266
11.966
-6.71034
9.64889
-106.548
1.63531
-3.11401
-14.9535
38.4381
-190.136
2.64589
-52.629
12.8405
-77.3918
-0.398715
-19.7077
31.34
-258.921
3.92849
-19.0004
11.3227
-71.7942
4.54057
2.44845
-38.8701
-32.24
0.595196
-28.5688
-1.04754
8.7758
-4.97429
-8.92392
29.6714
-7.92356
3.98652
-3.01821
0.838775
12.5679
1.89974
-0.370805
-2.33296
-6.15974
34.0594
1.21495
-2.15973
-4.54238
15.5807
-18.1317
9.18363
1.1073
-0.88287
-3.92967
2.1894
-19.7855
0.705051
-5.22253
13.7067
-7.48207
5.18887
-13.3844
33.7011
-43.8824
21.7675
54.6588
-24.6447
-4.13135
-17.4082
4.34749
-13.1929
62.1988
0.627161
-8.63346
-4.10871
46.4067
-25.3807
84.5523
1.40322
34.9785
33.9967
-6.79491
-3.57825
-4.44169
-1.49252
-1.68736
0.895739
-2.7414
-7.19862
24.178
20.3941
-15.3132
7.05457
-7.30701
0.370116
-11.3133
2.50776
-7.35575
-0.296181
12.4136
-10.6999
-11.6751
7.88733
-0.165744
0.220591
-26.883
23.2582
0.0210661
-43.2402
18.076
-3.16429
32.0809
-37.7591
-27.9706
28.0658
-85.8427
-51.4146
92.2761
-5.99061
-15.5389
24.5015
22.8966
0.301307
50.5703
-4.57284
1.12887
-254.611
-22.1585
5.02152
49.3515
-23.9994
6.55794
-39.1071
-12.6511
2.09217
1.3642
-0.835569
4.63906
8.10622
1.20215
0.569667
4.90993
-67.5884
7.88904
-1.6921
1.31658
4.39561
20.626
-2.20141
8.18183
15.3398
-10.0022
4.49942
-37.3316
2.45232
-0.0551974
39.6057
-2.54996
1.38561
0.605005
1.4169
-44.1553
6.19464
-11.1473
-3.34134
-1.69628
-50.8063
-2.86614
4.34721
-0.882495
-0.0635431
1.00535
0.279694
0.391752
-0.0792609
-12.9755
-15.9269
-2.90886
-22.1309
-3.77885
-5.98148
-17.6424
-18.0746
-38.4757
-11.6915
-50.6904
-2.19001
-9.65296
69.8944
1.26438
13.986
11.6062
-39.2973
-60.8405
-84.6395
8.10992
6.8574
7.68434
4.29332
-0.813145
2.39944
-3.30764
-1.73181
-85.8862
-54.3866
-5.88662
-138.687
-5.24616
-0.203167
-1.17432
-27.6621
-119.245
-2.20753
-5.72243
-149.306
1.08036
-47.5695
-6.97347
1.28088
0.166425
-0.132958
-1.43897
-7.04898
43.3769
12.3697
7.9667
8.27147
-6.93186
3.99669
5.57232
3.2187
0.93109
4.54337
2.56914
6.51292
-0.808387
1.53392
-1.5395
-22.1632
1.69681
-11.1962
-3.7493
4.63473
10.5969
10.3817
-41.8826
1.56791
19.5515
8.2454
0.519301
11.6934
0.591369
6.20435
0.534066
4.38082
5.01738
1.66249
-0.20965
38.521
2.41691
37.5886
-11.7533
-29.4432
-1.29628
2.76281
-3.01566
-53.7277
-4.00157
-78.1174
-41.3007
-50.8062
-124.067
-229.032
22.3944
5.86343
-1.21992
-65.6476
-1.69028
-5.60676
1.19548
-4.03421
-35.5586
-4.2689
-62.9078
-242.415
-5.13749
6.38291
-108.593
-24.779
-1.71479
-6.7362
4.17249
0.308241
8.31465
-5.74158
-3.11944
-3.49991
5.61136
-9.40894
-0.150068
-1.27524
2.74328
2.43595
-0.824512
35.123
24.5977
-11.8774
-25.4575
-66.974
-3.17884
-19.0643
-0.251615
-25.6625
-0.771525
9.38579
-52.781
10.4622
3.1137
-2.92195
-2.57162
-5.18877
4.36385
27.7131
-10.4454
2.36373
-6.30544
-14.0184
-42.1993
-19.2177
-35.2201
-20.1644
-179.047
-178.931
32.1806
2.21747
-1.54283
0.349629
-7.28687
-95.923
-57.5557
-34.5901
-11.6082
0.150165
16.1856
7.99868
16.5086
8.09715
16.944
3.88558
52.2314
56.5458
-42.6041
-20.3416
-77.1126
-34.0777
-50.5102
11.8954
-5.06999
-1.62356
-92.6272
1.29024
-59.7123
-35.4996
-50.0683
-1.98238
1.91462
-0.765231
10.0257
0.125126
6.12003
3.92914
0.792983
0.792471
39.8822
-23.8385
-121.613
-129.823
-23.0036
-52.0474
-68.3755
-10.7505
12.7364
14.8809
21.593
-62.3865
-148.007
34.9785
32.9463
-48.7892
-86.2466
-61.6194
-52.161
0.627809
-55.7195
-2.51552
1.65952
-1.65873
21.6775
3.98181
-0.278049
-20.3957
-6.51073
-10.0821
-25.5882
-23.1829
10.1381
3.05437
2.69338
-6.49879
-70.6523
-7.47151
-15.2551
-95.4745
-8.33481
-0.304519
-9.8309
-46.6985
-0.498554
7.26308
16.7893
2.06915
-2.84157
6.10416
8.13373
13.4585
2.95459
4.48545
-0.539385
11.7774
13.0367
17.1161
-11.113
-2.08644
-5.01216
-0.881537
1.63527
-9.50142
3.34991
-1.81499
33.1988
41.2296
-45.8221
-49.7288
-27.1319
-3.17258
7.69836
-1.05212
-2.38637
4.05795
3.84398
-20.6896
-14.2014
-20.4128
2.25411
15.698
0.67754
-5.46456
-1.27029
-16.9752
-45.6965
-10.571
-28.9351
0.29973
-68.8493
-33.7433
-25.926
10.8751
5.48369
6.29939
-1.01407
0.21474
2.2898
-38.3041
22.6884
12.0383
-0.283028
5.30596
-5.98134
-73.5962
-76.7327
-14.475
-2.5399
11.5285
10.2225
12.6893
4.98542
4.58486
3.18205
24.4292
-1.66332
1.23829
3.30853
-0.629891
2.22679
-0.664447
2.68305
0.221855
0.537554
-24.1214
8.0655
-1.64832
0.213025
-56.9492
-48.1034
-21.1303
6.26544
-4.81627
6.74087
0.0329156
-7.83751
-6.96148
7.11901
15.8844
3.53986
44.3973
1.23526
5.74375
3.25566
-0.270866
-2.70765
-6.35744
15.4041
-2.0455
-44.9204
-27.8098
-26.0048
-21.1703
-11.517
1.01763
-7.50363
-0.164013
-3.95663
-4.51512
-13.5417
8.94155
-2.04296
1.95569
6.47404
13.772
9.41868
-69.8162
-106.841
6.01333
-23.9864
-3.74322
-28.6894
-45.7159
-82.6088
13.1295
-0.75252
5.82961
3.27249
7.81932
18.4567
3.85345
15.778
-6.42365
-74.8487
-12.6963
-3.73454
-42.4985
-17.5443
-3.4421
28.7417
-2.47736
-78.1186
-0.753195
-5.90621
41.2397
-7.4703
-41.144
-4.07088
-10.9913
-67.8597
8.03097
4.67133
6.16481
16.5889
11.525
-32.8147
1.65066
33.2256
-2.09511
-5.21376
17.1256
2.92483
14.1951
-51.7461
-47.6183
2.07103
-1.76328
-0.683567
5.86616
3.37356
-0.180122
-7.5549
-44.3866
11.0282
3.36402
6.34144
0.925448
1.45494
3.88558
-3.96246
-47.9216
-2.9461
95.551
8.43683
1.10389
-43.0521
5.21623
1.89023
1.86063
0.692983
1.17385
-0.901678
9.81664
-7.2549
-6.56399
-14.6676
-32.0932
-1.4954
9.82936
-0.909709
5.31547
-21.393
-15.3895
-32.7516
7.50967
3.53343
1.75822
-1.41087
-3.84064
13.228
-39.9999
0.369493
-8.80821
2.82114
-12.9832
2.96088
-8.91163
11.2105
-2.02775
-30.7505
0.653176
-9.58942
1.56859
1.31746
7.49503
3.85674
2.42364
-17.5615
-5.1564
3.11173
-57.3949
-0.693542
-3.39822
-2.56564
25.6655
10.8231
2.72344
2.47252
-2.44416
3.64872
14.3283
11.09
-37.3652
1.54548
-37.1417
2.14283
6.4018
10.1211
1.76101
12.9263
6.32761
-13.6958
1.21145
1.48916
1.03874
-0.892819
-73.8784
-3.03578
1.95945
-0.0888948
-1.5665
4.78014
4.6327
1.5048
3.53445
-4.75429
25.8849
-43.9417
-47.5181
3.19992
2.3609
5.26241
2.36915
-27.2722
-49.8288
3.52339
5.58997
5.02001
5.17697
54.6285
-31.6274
-27.6381
-31.048
2.10596
3.81401
0.792312
1.72119
9.75299
1.9627
0.654159
-20.6004
7.52163
1.7291
24.5302
14.6151
-3.88935
-26.0968
-33.3605
-20.7697
-36.0249
-55.788
-26.4818
1.52609
1.09719
-17.767
12.4536
-6.4626
-10.2075
-26.8425
3.18795
2.24564
1.13015
-0.626082
-8.03184
-38.4843
18.93
-30.9472
-25.6701
-10.1388
-7.33543
-9.81052
-15.6311
-16.3392
-21.6491
19.3798
16.1737
-27.6825
-19.6961
-44.9544
-9.93451
-12.9755
-4.15505
-12.1163
-35.6205
-28.6869
-28.6094
-17.1302
6.72785
-28.271
-75.615
-15.381
-14.7032
-12.0241
-20.206
-5.9047
-17.9017
-14.5388
-20.2143
-6.1052
-11.3865
-10.1027
-16.3679
-9.65792
-15.6339
-2.4458
-19.6554
-7.27816
-9.1775
-16.1942
-13.4382
-3.62442
-40.1713
-5.9046
-19.8791
-27.6351
-10.4208
-11.5425
-11.9385
-2.51844
-4.6672
-4.39779
-34.8026
-6.96846
-2.5056
-1.42586
-6.64891
-4.15119
-9.75997
4.86173
0.507886
0.509181
-4.74363
-53.0619
-1.85486
-1.4004
-8.05823
-7.01264
18.553
24.8813
17.8455
12.7817
16.4825
17.5015
20.2271
9.90601
13.0859
13.0419
2.59244
6.1384
15.7189
12.1753
13.4594
2.15079
3.02415
1.94146
4.09814
4.8018
1.3701
-10.3857
-20.59
-9.94656
-2.00003
-2.33678
-8.63371
-9.99703
-1.50205
-1.44746
-1.5641
-4.62531
-4.76659
-9.17487
-10.5588
-5.23244
-5.77595
-2.01277
2.27658
-5.40238
0.779624
-2.21517
-37.3124
-33.1743
5.75254
4.33746
1.34109
-1.0378
-6.09249
2.7467
-29.1494
-26.4979
-8.77478
-11.776
-0.829106
-2.79872
-9.10326
-6.79841
-3.3047
-0.708457
-0.693092
-1.22718
-2.14145
-2.14898
-6.27001
1.54379
-4.32277
-5.00805
-5.61518
-1.83923
-2.23915
-3.53626
-2.75205
24.0623
18.2342
17.452
7.88104
14.3808
-8.94723
-16.1673
-8.16216
-12.405
-4.53393
-5.46446
-5.18348
-1.23759
6.55966
4.63621
1.38969
-1.54218
0.858262
-3.09733
-2.28622
-5.53348
-9.93998
-8.70929
3.15418
4.18411
4.73702
2.44085
0.337782
1.27771
-2.43328
0.222468
2.23153
0.435369
-16.6859
-16.9816
-14.7343
-2.85925
-6.30456
-1.4559
-2.6111
-2.81806
-1.60847
-1.8569
6.15879
7.65919
-5.66791
3.34513
-0.209698
-7.94741
-13.1716
-7.8895
-11.5666
-3.79659
1.54483
0.731902
-3.88918
-14.858
-19.2208
-1.60014
-4.74574
-5.84008
-0.752768
-8.56277
-2.80041
-6.78688
-1.02524
3.48049
8.45027
9.84465
8.12914
-6.37876
-4.51113
-3.99096
-16.6061
-8.50185
-15.4059
-0.945586
-2.59225
2.1298
-4.90515
0.718384
1.43546
0.66587
2.84604
3.66504
-0.512895
-3.52088
-1.8032
-6.32968
-3.89236
-10.5008
-7.89777
-23.3454
-2.91595
-2.54324
-3.08051
-4.47601
-41.9092
-3.17163
-4.3838
4.26517
1.04083
1.35324
4.91137
6.26402
-11.0397
-9.96264
-4.2232
-0.89176
-3.49638
-6.17545
-0.857676
-3.36855
-2.56189
2.60044
2.81181
1.988
0.500977
-1.55769
2.14936
-8.89592
-3.17364
-3.7339
-11.8451
4.68561
5.03241
-0.906152
-1.22603
2.09002
3.33206
5.85837
4.03584
-13.8383
-5.53145
-0.761139
0.0374965
0.179953
0.949345
3.93473
3.68278
4.74675
4.59017
6.46436
6.55135
-10.0553
-0.562753
1.32467
0.0100123
2.84018
4.27149
4.78799
3.47371
-0.023081
0.824433
0.700081
6.34705
5.90457
-0.705905
0.281834
0.167305
-20.5211
3.07866
1.71167
1.19832
-0.539466
-28.8521
-61.4694
-19.3981
-20.9539
-14.2252
-30.5412
-5.75526
-1.39326
-2.72215
-1.33656
-0.792436
-2.27904
6.8328
-3.7963
-1.50384
1.19484
0.172169
-1.47378
8.73212
-45.5635
-22.5121
2.46642
-19.1477
-6.43226
2.76853
-53.4369
-54.6915
36.3924
0.917453
19.4316
53.1856
-2.53924
-2.36367
-26.1904
-64.6161
-48.029
-15.0881
45.1842
0.643277
7.00372
8.39473
24.1541
-0.375903
-67.4767
-28.3637
5.09169
-0.0682113
12.5215
27.6249
10.6391
5.68823
-1.23121
3.84081
2.47907
1.42642
3.44776
-0.279686
-0.815044
2.33305
3.84405
1.29489
4.27023
-41.802
-14.6703
-14.4746
-1.94149
-28.059
-39.9219
2.06821
3.08615
-0.948835
-0.666035
-0.550769
0.562886
1.41821
-5.99291
-2.17167
-66.092
-73.9189
-47.7033
-39.6837
-20.6761
-15.5974
-18.2549
-12.166
-0.898189
4.21855
55.4078
2.19346
1.28014
7.00417
4.96064
-43.3266
-1.19926
-13.9689
-7.26932
7.109
2.14848
1.44933
0.256942
2.61993
9.35965
3.86634
3.84101
8.64718
-1.76841
-3.54442
-0.541102
-3.67711
-4.74927
-1.98321
-2.73509
-2.70607
-3.87126
-2.86846
-3.21215
-3.18774
-1.9113
-1.61061
-17.5647
-0.0216487
3.30264
-0.0893338
3.81961
-36.0467
2.9062
2.06339
-17.1847
7.00479
-1.72949
-1.08211
7.08755
0.888167
-4.27092
7.5039
1.08944
-1.32501
2.91473
-7.00571
2.01978
0.726104
6.21437
7.80803
21.6909
4.5651
7.35768
6.79291
-41.3249
-40.6084
-33.1157
19.2623
4.52995
3.93862
3.97148
3.4017
3.23067
9.1029
5.94405
3.41402
6.82788
9.00121
26.9257
-5.07506
-4.97643
-29.3945
-20.3862
-23.1657
-4.89237
-9.6568
-60.5656
-27.1203
-23.1932
-8.59153
-23.1049
-19.258
7.46006
-62.0063
-17.2628
2.96366
-17.3188
4.33551
14.2864
-13.0192
3.50954
-40.0618
1.00499
-16.7965
-3.73569
-2.75033
-1.72572
-2.11089
12.2978
22.7212
-3.83356
-25.3315
-6.88728
-4.06022
-52.1639
-3.29037
2.92949
5.32927
2.93245
2.56469
4.74919
2.00393
-6.72682
-0.350658
-0.162622
-3.70897
1.14233
3.65197
9.8878
-5.33759
-3.19644
-11.6325
-9.46927
-6.19618
-4.3813
-5.78413
-5.17767
3.3936
-10.793
-51.0662
-33.2022
-36.1382
-31.4606
-22.0005
-34.4177
-19.453
-17.4917
-15.534
-12.4042
-22.7861
0.38686
-1.51607
-5.81767
-13.866
-8.09214
-3.68304
18.8069
0.210271
-48.7203
1.98694
2.75892
-8.32488
-11.1205
-10.288
-17.4889
-28.4997
-30.131
-42.5011
-58.3486
-61.3033
-47.3711
-55.1892
-35.7275
-42.0406
-22.3507
-18.5785
-16.5276
-15.3718
7.76454
-0.0227968
9.3025
15.742
-44.7753
1.81139
9.41162
7.26406
-6.59993
1.86547
-3.69236
-9.22918
-9.08097
-8.92924
-9.66726
-1.77401
-2.20536
-3.55097
-29.8389
1.1426
1.53192
2.3434
1.23843
6.29001
3.50433
1.81314
2.22818
3.41383
-4.636
-1.9867
-5.2442
-0.909189
-5.58509
-0.435329
-1.72575
27.5337
34.5955
33.1386
38.8569
-1.70797
8.12232
0.508541
1.29139
1.94307
3.52949
12.2051
10.4505
8.47136
9.92495
10.9518
0.896574
1.59817
2.60455
-0.62615
-5.38242
3.03964
4.77533
3.11928
-44.7431
12.0216
13.1587
0.702772
-7.06325
-6.63868
-3.12667
-8.09852
-5.71214
-6.57438
-7.8954
-11.5729
-3.05269
-7.91685
-7.76197
-13.1319
-6.13264
-7.34145
-5.17921
-4.04537
-8.50978
-1.3379
-0.853369
5.46032
3.23984
-23.7569
-24.9048
-19.3947
2.78101
2.59128
2.32084
1.25436
4.76677
2.40866
3.46196
3.42032
-2.69009
-1.18774
1.49254
-8.99108
-10.2127
-11.1962
-8.02225
0.82743
0.476389
20.9182
-12.0441
-13.9266
-6.69334
-16.6377
-17.3864
-8.43462
-8.77584
-15.5493
-0.500043
-16.7021
-10.9698
-23.7613
-20.7295
-12.2119
-22.0151
7.66176
6.64432
13.5885
11.7296
2.49742
0.730544
1.68587
0.439353
0.433021
-14.3092
-14.9115
-28.5425
-25.9232
-29.3854
-30.2852
-37.2935
-25.9231
-27.5505
-14.0105
-4.59037
-7.81054
-5.93952
-2.50155
-56.9566
-15.3802
-23.251
-16.3299
-19.3997
-22.4142
-24.1478
-18.4792
-14.1374
-18.9902
-19.1672
-23.8882
-10.6353
-9.06336
-22.45
-38.5412
-42.5265
-23.2091
-13.1963
-12.3972
-2.72821
-3.50788
-7.37166
-8.30447
-13.3487
-16.4613
-8.98594
-6.70526
-5.36335
-10.0615
-4.75171
-2.85771
-23.8322
-17.0375
-10.6087
-10.7589
-8.55547
-9.21802
-19.3495
-0.181428
-4.47661
-34.1677
-1.05582
-5.52314
-9.25
-2.02335
-0.580896
0.84486
13.9524
15.0011
13.2
14.4051
10.0152
15.4959
20.711
2.10843
5.95232
24.6872
17.8834
9.23715
8.74028
13.1112
4.83041
1.66733
5.94954
-22.1318
1.13124
-11.6569
-7.19343
-12.5564
-4.30911
-2.76248
-5.23875
-5.65792
-1.43513
-2.04244
-2.40095
-3.62941
-3.71771
-3.39873
-5.70679
-1.67328
-4.52303
-1.50392
4.87947
-12.101
-9.92677
-9.69131
-4.36975
-9.82468
-1.63544
12.7286
9.20538
6.65261
11.233
5.19607
11.2945
3.08529
2.39257
-7.25142
-6.8952
-0.264064
-16.6635
0.0432633
-4.32903
0.44426
-2.28682
-7.07233
-8.63061
-2.91051
-1.74408
15.3628
18.2351
23.3324
32.1623
-11.8345
-2.70666
-0.242366
4.83169
4.04303
2.50447
0.616807
-0.523171
-4.3835
-3.44063
2.28386
3.38812
1.8037
-15.3014
-2.64625
-1.71524
-2.46974
-1.06496
-0.687296
-0.435497
-2.05112
2.76296
4.2507
-3.33188
-5.96911
-4.03574
-17.2891
-3.94368
0.366266
7.31125
6.80096
-2.04061
-0.588128
1.40211
1.12898
-6.59932
-0.105533
1.11543
-1.72671
-8.44573
-4.13857
-2.86999
-5.00166
-4.4472
-6.21426
-5.85827
-6.20558
0.421588
-1.56926
3.4359
7.72063
-16.4688
-2.9299
-5.69656
-5.10047
2.94253
-6.72138
-4.19152
-12.085
8.69199
7.23709
6.7044
4.07374
3.00546
5.86401
-0.0396429
-0.388447
-0.161126
-0.356784
-0.413336
1.11753
5.30807
-10.6021
1.65628
0.950132
4.74435
4.8054
4.1046
2.18928
0.224605
0.0381358
-1.40055
-43.2155
-1.31643
4.83247
2.21558
-19.3999
20.8828
3.604
-35.2288
-61.6613
-0.830169
4.33842
-6.64076
-3.2235
-7.52245
2.92247
-28.8583
4.32435
-0.539873
2.67271
2.60766
-2.38149
-10.6188
1.04728
-4.63794
-5.60258
-11.7867
-36.2873
1.3199
1.91188
5.46241
-1.39167
-21.4776
-2.31172
-11.4209
4.54259
-18.4744
-25.1211
-7.98847
-8.13623
-9.24272
-11.1206
-1.42601
10.6053
11.0384
6.14984
-15.9524
-4.67455
-5.80431
-7.20031
-4.1806
-2.76673
-3.04
10.5479
-2.79958
-1.75985
-2.7292
-1.13832
1.43548
-4.4701
-2.82207
-1.40179
0.082564
-0.831034
1.15154
9.52542
2.01499
-0.604642
0.228162
-1.81814
-14.6961
-0.401871
-68.8606
-79.1785
-60.6763
-84.62
-77.3899
9.1391
-88.2924
-5.95444
5.35979
19.4097
-6.9298
1.70821
-7.67947
6.41755
1.91349
2.34548
-35.2299
3.75301
-32.1029
-30.8156
-13.9566
-54.4686
2.88896
3.57413
2.5281
1.57473
-0.321845
-15.6502
-11.2762
-0.509856
0.808199
-0.213771
-3.01561
-13.4395
-8.67031
-5.09194
1.36352
-28.2091
-7.3529
-2.77308
-3.55999
-5.14459
-3.6725
-7.94827
-8.03084
2.71683
-12.6583
-23.281
0.305776
1.42873
-0.792214
8.2676
-1.89353
1.02893
-5.0978
0.560083
4.3791
4.23314
3.7147
-0.864787
-2.40098
-152.102
-71.7625
-421.294
157.777
0.195189
-9.72278
3.57409
-21.4742
-286.807
0.449792
-2.01678
1.87381
-55.7543
-720.675
-5.18863
-29.9092
-19.2706
-55.105
-14.2208
4.67688
10.2032
-42.2206
6.62779
-9.13144
-25.7898
-67.4295
-52.4667
-64.7069
46.1828
212.891
-170.448
9.67837
-9.43597
6.7431
-53.6724
-1.32031
-25.5083
-3.84943
-57.6122
-114.608
-155.197
-6.28384
132.188
39.8619
-11.2396
4.53919
-15.6311
-57.9013
-0.572293
1.87159
-8.22961
3.58826
-0.712295
7.6848
-5.41163
-3.31604
-28.8637
-0.176835
4.54122
0.937486
-3.1309
-5.81428
143.107
-5.55644
19.6945
-22.3098
70.5559
-17.2895
-6.12849
25.818
-0.936208
132.37
44.8723
-8.51337
216.082
-16.1687
-3.0221
-70.3701
-11.5106
-12.7639
-14.5859
-73.2625
-27.5387
2.52055
6.75057
-2.13257
2.2784
-4.21359
-135.446
-35.8859
-95.7351
0.394555
-4.11442
3.95046
-7.58183
-7.30864
-17.2328
-8.05884
82.4426
13.4864
-33.2305
-2.48886
7.7124
-307.578
0.69496
-2.7814
-24.5161
-6.01081
-11.086
-25.8799
-4.43923
22.2794
-20.6504
-1.94123
0.57339
-8.7505
-4.6749
5.93004
37.58
-25.3685
-35.8599
-2.29517
-8.55066
-6.13995
-121.499
-0.146913
-19.0677
-3.94943
-24.1322
22.2871
0.512434
-1.37047
-7.11611
4.86413
-0.332018
5.14755
-37.1259
22.5832
-34.5225
-3.41885
2.13627
-0.438945
-55.2622
-15.9244
20.7661
11.2534
5.40851
4.65201
-1.57409
-3.34727
-9.15355
2.65301
-0.712676
3.72345
-2.01207
-51.5985
-5.49176
-2.49746
-4.51854
-0.816966
-63.8402
-12.5531
2.0179
0.200989
4.47344
-3.47231
-1.84115
2.46866
-16.5807
9.20531
12.5342
-16.1367
-47.6508
16.4086
-25.9842
-2.30525
4.62342
62.7565
-3.34562
-0.512762
-84.7146
0.606792
1.07254
3.80459
1.8896
-0.5875
-13.9976
-1.61045
12.3135
3.31357
-3.87821
5.8612
-4.82856
13.2741
46.9031
0.722637
35.3424
-6.59666
-27.0448
11.2884
-83.2835
5.07805
-178.21
-31.8218
-26.9382
-5.71616
102.93
0.782061
-13.3321
3.0102
-58.5968
227.154
-8.51987
-14.7809
8.05032
2.21484
13.2624
-35.3682
-3.14339
2.33116
17.568
-67.3052
-2.21027
93.2278
597.078
5.29748
4.88389
-5.39035
-6.43611
-6.27549
-0.274012
-15.322
-8.02493
1.39167
-8.76522
-66.2254
3.89716
16.5215
2.03494
3.82715
1.11359
9.4432
-5.17544
-13.7069
0.186044
26.6267
24.4398
4.27837
30.7077
-0.0803528
-137.684
49.8778
-12.4885
-42.8272
4.61312
3.24224
63.6912
-26.6655
-4.8384
2.35917
-24.1668
-15.8294
-50.5888
2.19469
24.4779
-7.87723
17.5636
-9.7204
-2.84791
-13.3175
6.02506
-1.42693
-14.48
-6.17021
11.8741
2.39434
-13.2732
24.5796
28.9022
23.7738
-20.9845
-0.23917
30.3477
-2.30814
-2.34753
-1.49443
-7.15101
-7.15153
0.74969
65.3166
0.201052
-31.9084
-1.53151
-59.8446
2.43964
-103.305
1.31701
-15.0289
0.516402
0.0121133
-0.567891
2.73075
0.438805
71.0149
0.212133
14.9905
12.8778
1.42806
-236.577
11.7864
10.9801
1.11694
-80.8936
1.32609
-4.90372
-1.00369
-27.5265
-49.7167
-1.16517
-32.6135
15.1441
-75.2796
0.773333
-4.13179
40.0801
39.4817
2.02087
24.7131
-9.40688
-58.5805
-2.785
0.272751
-54.4257
-43.5092
-0.501389
-41.4606
-1.16561
0.505545
-5.89378
13.94
-49.6362
-2.17904
-1.85217
2.65131
-3.47208
2.26611
-3.35184
-21.2593
-1.93217
-20.3044
-13.4118
-0.0186795
-6.1353
-11.0014
0.699469
10.4764
8.81035
1.28558
3.10297
2.19286
2.91079
26.2598
10.5784
15.3978
5.76132
10.051
5.84248
13.4949
-42.4792
21.9173
46.9656
-1.81684
-14.6317
-5.52282
58.2056
-4.10405
-13.2169
-12.8174
8.93942
-23.239
-16.2651
-16.9191
-12.4803
-9.15067
-0.531651
53.7473
-2.3957
-4.03226
-1.85671
-8.19813
3.88868
20.0209
11.0848
55.814
46.3426
49.4251
25.0731
-9.95954
0.574357
8.93282
-3.24326
14.616
-5.33402
14.1137
9.24815
12.8264
26.5449
39.2266
5.73627
0.602913
0.190518
42.2821
7.93559
0.01861
68.0755
22.6287
37.7194
26.7629
60.8888
68.6545
10.1571
1.38303
248.632
340.685
2.45225
75.9826
28.8247
-5.12155
-17.9514
84.5575
-2.04028
0.691022
78.4965
51.3305
4.26816
67.297
-2.04563
6.77405
-0.134337
-14.0353
3.5172
11.1153
-2.92991
1.05079
12.3405
12.6995
17.1908
10.4762
52.2101
3.47312
9.5108
2.15247
19.4269
58.0709
0.773969
40.4632
45.8534
0.393934
5.02244
110.959
7.65727
5.12788
12.2527
9.66997
0.610043
2.23308
1.03116
18.3161
4.35694
25.0912
1.28652
1.45218
0.875241
-0.630423
2.87359
0.79741
4.35308
1.00094
3.01964
7.1705
-2.7771
-7.56515
-4.04568
-0.862273
1.05042
-23.8081
0.183089
-11.9886
0.861668
-9.04902
5.62332
5.43907
0.862806
4.01082
-147.343
-3.19139
-6.25582
-2.52959
27.3118
-43.4772
-32.7123
-4.86393
-3.50482
-2.59074
-0.82027
-2.74074
-1.67885
1.44305
-2.1897
0.451976
-16.3926
-1.46371
-66.3987
-3.18513
-0.93775
12.087
-7.59373
12.9607
2.75631
7.6381
39.6167
-6.93775
18.2551
-2.26375
1.05519
11.438
0.723721
-0.159245
-4.95359
15.2429
-4.72713
-41.1841
0.00861431
-10.7115
-4.52768
-5.89004
-4.23265
1.65414
6.35186
-0.609908
-0.647306
-8.47227
-3.83914
-4.57758
-4.7795
-1.39375
5.67606
1.84442
0.0558539
6.91248
-2.601
-20.1633
2.55194
26.7198
7.54065
1.03192
2.69032
1.14917
7.17859
-3.51649
0.899191
-5.70734
5.77925
-0.282412
30.7555
0.792473
9.07573
-2.67598
-58.1778
-26.7726
1.27629
0.911437
19.9359
-0.477217
-13.5549
-17.5308
11.9011
-3.82595
-16.0913
-2.52523
-0.555328
-0.9265
-6.50587
2.11109
-3.29649
4.96373
-2.67524
-2.88267
7.76635
-13.4577
-36.1184
-1.10686
-7.15758
9.20604
1.48623
5.13762
2.71046
7.2181
2.84429
-1.05617
-26.6123
33.4905
0.493418
-0.461195
-2.81574
2.1413
-3.11659
12.8819
2.5029
-3.06988
15.478
-10.2841
-5.70439
13.4786
-14.5195
-2.89358
10.8204
-2.88742
5.23858
-0.73352
-48.3651
-4.44346
-37.3157
1.89937
-0.68344
-2.69637
-8.26213
-5.38433
-3.69266
0.497221
-22.7993
-1.38463
-1.91196
17.8889
5.75018
7.85247
2.50636
-25.5697
-58.1946
-0.0886614
-0.788932
-0.938474
3.53955
-4.62838
7.30742
4.33555
3.59379
14.1449
5.84093
-21.1046
-7.68423
-1.47445
9.03022
45.603
-5.16272
38.6209
-0.0123907
46.8316
4.42897
-8.91118
9.28106
2.89462
-40.6484
-0.993761
-1.39418
-30.4661
-1.3986
-0.289019
-4.67423
7.02712
27.0255
8.09187
0.545264
-17.7124
0.0987792
0.403579
3.41286
4.4183
-1.13937
36.5464
19.4626
-18.9115
16.6646
4.48468
4.2002
-4.44197
12.9816
4.37012
4.61179
34.6325
33.8902
-16.1638
-54.5196
-22.4569
21.239
-14.1535
-7.59842
4.78617
-0.684767
-23.1033
-0.386506
-10.6257
-3.2489
0.580399
-2.87505
2.67215
9.971
2.64102
2.36716
17.3596
-0.820308
-0.755045
-2.85161
-2.02038
7.88976
-12.5088
-13.6703
-20.7928
-22.2181
29.041
-2.36196
109.763
71.4925
-0.336911
0.593153
4.76369
1.83725
6.02359
-1.37954
4.44456
4.55562
2.08151
1.34617
0.614904
5.2261
-3.12236
-8.73493
2.79375
-2.32061
17.9971
-0.349359
-8.6394
-6.3676
1.22768
-7.81176
-13.1463
26.3013
2.70152
24.3835
-3.87029
-4.30914
2.65001
1.97343
-13.8012
-0.167433
1.13588
14.0772
40.8466
41.3314
0.230784
5.76514
1.82482
2.47166
5.02137
12.4782
3.15098
1.43185
57.4074
3.26461
14.1503
4.18368
35.337
-0.778877
-1.51509
-0.376844
3.44092
11.2122
5.08451
14.5164
-9.34339
-3.89867
0.214762
-1.54362
-5.51159
-9.00278
-28.9564
-8.50495
-0.58056
1.60442
-2.13129
0.527953
2.20003
4.58667
2.41101
19.9627
0.374305
0.989434
-1.69914
1.13201
1.2796
-2.17054
-0.523058
0.82731
-12.2684
34.9848
8.22843
-0.188513
-1.76319
3.17726
3.36069
48.7365
-0.346473
-2.31438
-2.49746
-2.42469
3.83058
-0.50343
3.0046
0.420232
3.06376
39.236
-2.72214
-2.81451
-0.871756
-2.41442
1.71708
0.813954
7.76984
-1.4457
0.903542
5.51545
2.84262
51.1794
38.2349
-21.8859
0.489423
0.707631
1.15269
0.398947
40.6262
-1.93558
0.755438
0.743534
1.90451
3.82121
3.01632
-29.131
-16.2032
-3.79715
8.39225
0.189007
4.64972
17.8458
-19.7925
3.80339
9.48031
0.857836
-0.494305
-0.479305
8.51249
-0.611641
-8.69172
-4.25625
2.72255
27.3226
5.75325
-7.4465
8.24012
16.6573
11.2874
-0.871658
-21.2998
8.52711
23.2631
12.6452
-1.62087
-10.191
16.682
-3.87339
-13.4947
10.1508
-2.44842
3.33151
-4.46031
3.19538
-7.69406
1.65401
40.5799
-2.87468
2.49388
-32.6733
0.105717
-18.2206
9.85642
-11.3095
-0.456026
-1.6351
-1.5678
0.44556
0.559548
0.472352
-4.77322
-16.9677
-2.89179
1.22196
10.0997
-2.61471
-3.98479
-1.40882
-1.8924
-15.207
0.165806
51.1422
-4.33795
-0.773439
-15.9331
-0.28702
0.824873
0.447539
0.371808
0.327386
57.3391
2.37102
0.369604
-2.49283
7.22812
16.7361
-0.222161
1.22765
2.23921
3.452
22.1957
3.62279
0.0888942
1.21511
0.391586
-18.0904
-8.60863
-4.17288
-1.21453
-11.5625
3.20453
19.5208
0.400937
6.54479
2.45051
9.52266
-11.4394
0.0579109
-13.4055
0.362078
27.1686
1.1674
5.43047
-5.79592
4.00529
4.43945
-11.9548
-5.40116
0.952555
-2.6725
-0.260683
2.17229
0.0364634
32.2667
-12.9223
2.47639
-2.85385
0.913887
-0.958607
-0.340833
0.278694
2.78882
0.0648686
-12.9278
2.05582
2.14282
2.90766
-1.77539
2.2669
1.17801
25.2985
6.39219
3.39712
4.449
2.86158
6.38156
-1.25469
-1.23839
2.08853
4.34472
3.9349
-5.11751
-0.108484
-0.35537
2.596
11.9054
2.23073
-14.5647
4.98685
-2.14251
-0.558757
1.61923
5.00142
2.76904
3.80704
5.70904
-3.91789
-4.56639
4.56808
-0.691569
-7.07651
-11.5379
4.85048
3.7308
3.56399
-0.168333
0.869135
0.518458
0.454198
3.73698
9.01998
-1.95024
10.9071
10.8038
-0.162295
-8.15831
-9.84877
-5.05194
-10.6282
0.116757
-10.1879
-0.71026
0.0364486
3.47071
4.18398
-0.637181
-0.705039
-9.62867
-0.826054
-0.964865
-0.479284
-1.02995
-2.49194
5.55888
7.33511
-3.94243
-8.39829
0.443756
-3.26385
0.750318
-6.44655
-6.24069
1.93787
2.82917
8.11673
-1.7611
-0.721397
-9.05208
0.970832
0.298248
-1.48504
-3.50813
-13.3999
1.26067
2.41958
2.24988
1.85776
-3.25378
-10.6894
-5.44995
-4.93337
-3.83118
-6.84169
-1.04722
-6.74371
-5.9112
-7.05631
-0.96536
-4.60753
-3.36549
-6.47871
-2.15402
-2.51127
-0.700447
-2.62263
-0.241717
-2.78208
1.24725
-5.62025
-0.702072
4.22303
-2.29322
6.03092
2.55845
-3.84981
-4.86496
-4.53151
-0.909166
-1.8332
-1.18821
-6.14845
-6.17918
0.691869
0.661014
3.80186
3.53624
3.48541
3.13206
-8.88342
-2.0729
-4.2788
-12.079
0.0816893
0.451037
16.1198
0.508136
19.8994
26.6198
24.4725
13.8196
10.6815
21.8839
26.25
8.81043
23.228
27.7762
7.47434
5.6509
23.9339
15.5212
18.681
7.86448
6.60816
5.25227
11.4348
4.49477
6.69291
-8.71464
-4.93391
-3.78037
1.50932
5.36511
-1.1182
1.04125
0.859902
1.31933
4.38187
8.35852
12.6149
20.9127
21.3125
8.72797
17.5062
0.423646
-2.09703
2.41491
0.587376
0.830752
9.75194
2.21525
-2.47431
-2.99141
-0.610586
1.5664
1.18084
2.39031
-9.17928
-9.24634
0.801698
1.55303
-0.428513
-1.21309
-3.76446
-2.45389
-1.13993
-0.588507
1.41289
-0.0181576
0.870453
0.00641945
-0.349228
-2.91196
-1.50601
-0.710159
-8.85225
-3.60164
1.98445
1.6498
0.890463
12.9861
9.53775
7.50893
3.52754
9.6641
26.9315
17.9278
10.9505
12.5398
9.33804
11.6159
9.95279
6.45667
-3.5862
-5.42766
-0.743227
1.30678
-0.515226
0.796505
0.753718
1.43127
1.12491
0.837382
2.0136
4.1412
1.94365
2.57395
2.2855
1.69981
5.12027
3.06094
1.54873
0.64081
1.34629
4.21748
-0.00867177
-1.92215
-1.47789
-5.82615
-1.27846
-5.78275
-2.38504
-1.2997
3.36161
7.19376
10.2088
-4.26403
-1.66599
5.07743
5.68426
5.39995
6.69565
3.18136
-0.783244
2.17342
1.3531
1.69516
0.636121
6.73244
8.47638
9.94769
4.22814
15.5949
5.82939
2.13858
-0.947244
2.27973
8.10522
7.07116
7.42226
12.1837
7.27398
2.7906
9.0927
3.03643
4.19985
1.30261
0.985332
3.00361
0.748178
2.65882
2.35862
3.11109
3.63476
4.36875
0.907748
1.81826
2.44167
1.25158
0.782428
0.0320885
-0.171842
-2.08954
3.13341
4.70656
5.74702
8.94145
-5.97246
7.06253
0.87043
2.23737
0.869382
2.16316
3.55985
5.41365
3.80619
0.424205
0.355585
0.95974
0.505354
1.18558
0.672642
1.56008
2.68508
5.17205
3.8408
3.10874
2.23227
0.793212
2.34928
1.15248
1.14851
0.670083
0.232113
5.07932
4.95997
3.8005
4.36363
1.844
2.89748
4.40088
3.70664
4.63038
1.3268
2.67825
3.7879
3.32322
1.0074
4.67227
4.11867
5.21769
4.51751
6.63672
5.68859
3.15414
5.31434
4.53113
4.93636
7.68185
7.30909
6.35025
3.13473
1.1705
1.46365
1.56978
6.75225
5.87728
6.13914
1.30127
1.69578
-21.9188
2.34916
-1.04023
-0.250393
-0.456065
2.73417
-2.26253
-7.78256
-8.97204
5.09721
4.05621
1.8353
0.661078
1.66811
1.49147
0.285111
0.764679
5.57003
10.8914
0.35001
-0.0821938
1.01259
-1.19656
6.0438
-16.9321
-8.93954
3.09388
-1.17793
0.807002
-1.22893
-7.41461
-12.0685
25.9647
2.73716
15.8634
20.3867
-2.89032
-0.21406
29.7916
-12.2302
-7.12874
-2.27636
28.2893
3.70287
-4.74202
-5.22453
-25.1531
-2.96373
18.2008
-11.9905
-0.739658
-3.66853
26.4216
24.5193
-5.8114
-8.41987
0.372252
-1.29066
2.38406
1.50449
0.801766
-0.46982
-1.83162
0.337735
0.033638
-1.08329
0.951677
-10.9968
-10.2449
-7.20565
-1.11311
-7.13208
-3.39899
2.81954
3.09457
0.484876
1.05669
1.22245
1.94743
2.75721
0.157905
0.446028
-19.6521
-12.3259
-12.9217
-8.11761
-5.08185
-5.29766
-4.52051
-7.00948
-1.85315
-0.924343
11.7874
-9.72317
-2.18018
1.45351
0.174205
-7.45161
0.507102
2.72757
1.38433
-0.844339
-1.15108
-2.58712
-1.81262
-0.640585
0.556419
1.13798
-7.59692
-11.3564
-1.48191
-1.70796
-1.72282
-1.44596
-1.91835
-0.891361
-1.33312
-1.33798
-1.48411
-0.823686
-2.02355
-0.703805
-2.36508
5.03403
20.5349
-0.2912
2.1135
1.20761
-1.50836
2.79043
-1.89044
-1.99658
8.93616
-4.99524
-1.85052
0.883418
10.9491
3.20109
-0.334203
6.90869
1.41014
1.63831
3.29147
-14.0248
-1.93331
0.0610841
-0.327363
-0.387062
4.55801
-2.10031
3.6184
4.24201
0.530404
0.716063
0.893155
4.61736
-0.600186
-1.50035
2.35052
1.46836
-2.11172
-10.1807
-4.60147
-0.289665
-6.17521
15.6499
41.111
-11.3646
-12.1687
49.3735
35.6294
8.62487
0.310446
1.40786
20.8248
6.1764
6.39869
2.34174
12.7288
8.30142
-3.90801
9.10146
-10.0013
0.208547
31.0418
1.57554
0.653087
4.84342
0.664752
-17.2066
1.32769
7.13914
16.6741
-5.67725
5.2891
9.12381
4.05666
-4.36596
0.655255
4.0465
1.65967
1.93343
2.53309
-0.815329
-0.357978
0.735341
0.544901
1.12778
10.2049
4.72524
1.20319
3.49285
1.5973
-1.80349
1.10259
2.72245
-0.26189
-0.397697
-2.0132
6.97937
5.58745
9.96578
12.2723
13.0601
9.73863
-2.53565
3.23709
-4.23004
-4.33533
-4.89495
-6.16424
-2.6307
-8.79262
-0.855173
0.301315
1.13482
0.691675
-1.2217
2.23478
2.4414
4.25763
-6.45701
-1.86262
-0.806573
3.82742
-1.84338
-13.6141
-0.933405
3.55955
19.3803
21.5354
24.9473
4.84863
6.08411
4.28452
3.39743
-0.751266
1.67827
2.63936
4.47488
1.78743
4.02106
8.89578
12.658
8.52642
6.07847
8.28068
-2.1231
-16.6987
2.40577
-13.4568
1.42538
4.51947
4.89445
29.6817
-0.467019
2.42806
23.4615
19.4474
18.1526
16.5962
1.20055
0.991029
1.14575
-10.7546
0.00492753
4.95081
5.09959
6.4685
1.22852
7.31079
3.33198
2.55709
3.76344
-3.31676
1.92495
1.51886
0.584626
1.07732
0.912622
-1.08848
11.0681
12.2933
12.9517
18.4233
1.76234
-0.588593
3.63808
4.12639
8.18783
4.53647
3.46534
3.16459
2.01022
1.6076
0.96325
5.38617
-0.978621
-1.15149
0.86693
3.69772
2.34483
4.12776
-0.409745
-13.8652
23.2109
23.7702
5.34532
-2.18274
-2.03944
-0.692909
-0.607513
-1.40055
-1.87341
-0.129181
2.14263
-0.447499
0.945597
-0.794245
1.80758
0.355714
1.41192
1.2444
1.99077
1.52028
1.48845
0.77032
1.93283
-3.32144
-6.87172
-8.44274
-6.92964
-1.18805
-0.688773
-0.966986
-0.28056
-0.234753
-1.14618
-2.12426
-2.79308
1.62496
1.18846
1.69959
1.38913
1.49324
1.49874
1.18466
-3.65365
-5.40102
8.43922
-1.15968
-1.22414
-0.268709
-0.825995
-6.59165
-3.03363
-0.0944568
-0.752075
3.75948
-7.15042
-3.19525
-8.86028
-8.11503
-4.38498
2.44932
2.2368
2.4509
3.06661
1.63103
1.73941
0.779445
1.50105
0.429504
0.609473
-4.57517
-5.53378
-10.863
2.44066
2.69953
2.92217
2.79693
1.97655
0.612031
0.13453
-0.356765
-0.425642
0.460943
-0.74368
-5.01853
-3.67656
-9.84597
-7.5778
-7.20381
-8.09683
-8.49237
-6.58953
-5.88685
-6.70643
-2.63611
-4.63121
4.17659
0.993768
1.82167
8.28937
8.81342
5.58765
4.46664
-4.99789
-0.747084
-1.4245
-2.2506
-3.08325
-5.50962
-6.2328
-3.73621
-2.66513
-2.03605
-3.61936
-1.80805
-1.31367
3.25256
2.82432
3.68433
3.6784
2.72733
-3.96601
-1.58743
0.619426
0.739672
-6.29351
0.428457
2.08946
0.769923
1.51686
0.95726
0.773965
14.0239
10.0687
9.31924
10.906
8.12901
9.53734
29.4772
9.0069
13.0289
36.8536
28.488
8.75067
8.29745
14.7193
10.7645
6.58114
7.04647
2.3529
10.4613
-13.9217
-0.133879
-3.19756
-0.60654
5.37458
11.4947
14.3528
3.73222
0.836893
3.51352
5.66621
3.45103
5.42352
22.0381
0.542678
2.05907
0.480543
-5.4111
5.70746
6.03554
4.33969
2.66558
4.03418
1.09972
5.56891
4.15248
3.29905
6.35885
3.35652
6.53151
4.04116
3.1589
10.5491
10.1835
-1.90676
1.19203
-0.490655
0.0520693
-2.11845
-2.0493
0.150111
2.11471
-4.11825
-3.49014
5.82051
5.67783
9.31219
9.74446
22.5553
6.60567
2.51171
-4.06075
-4.07195
-1.01623
-0.878233
-0.962771
1.36202
0.731161
1.97497
1.86609
2.57897
0.961078
0.709297
-7.59998
-4.20827
-0.543517
-1.57804
1.86472
1.40291
3.7814
4.5942
2.3765
0.921904
1.22578
1.54739
8.05397
2.49117
7.39614
6.34389
3.57425
1.58051
2.21592
1.95198
0.28611
2.95002
2.82846
4.45704
1.12668
7.98823
5.44001
8.88857
8.51762
10.0805
9.14551
0.511048
1.37801
4.53017
3.66924
6.45178
4.71285
0.918839
1.16624
2.07808
6.27749
0.998726
1.31289
0.413442
6.53205
6.21352
4.34795
3.51811
3.15372
5.3474
1.88061
3.37226
0.921298
4.25025
6.71961
2.46947
5.91263
3.36828
6.74398
5.09106
8.78223
4.6265
3.72587
2.05759
1.73389
5.12521
-0.645265
5.79049
0.331464
5.51899
4.29864
-2.29588
45.6743
2.16236
-10.7933
-17.3972
-1.14892
-3.28919
-1.54333
-0.510521
-0.636414
3.67692
10.394
-0.966767
6.97285
0.362483
2.07681
14.939
6.23134
0.437371
2.89601
4.47015
16.4136
-12.2695
4.5118
5.81832
6.23663
0.417219
-7.26437
0.692276
-4.46563
2.05492
-0.871111
-6.94124
-2.27122
-3.35214
3.08201
3.16466
0.791298
9.79472
9.83198
6.87009
-2.28643
1.03805
11.6821
15.8991
10.0198
7.70792
8.16152
4.12241
1.18118
-4.35918
0.935385
2.19734
2.71728
2.14948
3.56668
4.36527
5.04581
4.09479
3.74162
7.15117
2.98628
1.66311
3.1866
-0.653838
-0.580974
2.12919
-7.22637
5.80694
2.66831
13.2183
-3.08188
-0.581354
-4.79383
14.5445
-7.54223
0.63924
11.82
1.23008
18.6142
-11.973
1.17429
0.949005
7.89644
-1.78205
-12.4787
-11.1109
0.0509951
-12.4485
-0.989046
-1.66223
-0.327601
-1.19987
-0.657914
-0.896308
-4.22079
-0.359729
-0.218198
-0.254193
-1.01596
-4.94904
-3.43758
9.20272
5.05561
-1.7059
12.242
7.12935
8.9791
10.8838
7.68442
11.7637
16.053
2.10067
0.100977
-1.6271
1.57301
-0.775762
1.25867
-1.92421
