2087
0.00907947
0.00446597
0.11742
-0.0213827
0.11287
-0.00459938
0.256676
-0.164862
0.299166
0.24492
0.0304828
0.00280765
-0.00172265
0.0563394
0.0531633
0.0192453
0.160536
0.168188
0.0357252
0.128388
0.162092
0.942028
0.134976
0.143639
0.4518
0.217027
0.488877
0.482079
0.0841462
0.145201
-0.026539
-0.00633765
0.461028
0.149498
0.570276
0.306978
0.732595
0.311399
0.172075
1
0.0167866
0.737615
0.00590496
1
0.00346416
0.830958
0.0147443
0.251703
0.360799
0.344631
0.0288621
0.371975
0.224875
-0.0114385
0.346047
0.126561
0.261109
0.0981731
0.0996171
4.76537e-05
0.112871
1.92851e-06
0.268204
0.000419567
0.0791823
0.00682192
0.00714459
0.0582087
0.0486203
0.00886249
0.293842
0.0283618
0.105939
0.413426
0.100455
0.58464
0.182055
0.0380121
0.321949
0.0654572
0.718653
0.258401
0.280872
0.142504
0.213627
-0.0971188
-0.503405
-0.0215716
-4.20964e-05
-0.0745788
-0.0024895
-0.000126278
-0.0492061
-0.000658923
0.353581
0.0639059
0.520877
0.552766
0.783434
0.85268
0.4003
0.720482
0.489137
0.259246
0.488199
0.340518
0.0244112
1
0.248592
-1
-0.0309742
0.0486939
0.631514
-0.0179524
-0.0328363
-0.0110226
0.218604
0.161928
0.148762
0.0337982
0.114827
1
0.131221
0.0146436
0.0273133
0.150635
0.0687844
0.235341
0.987556
1
0.0273489
0.0330896
0.00626065
0.324782
0.351504
1
1
0.384605
0.27326
0.0575854
0.170423
0.296284
0.287457
0.318116
0.252329
0.485481
0.297299
0.182169
0.437263
0.449436
0.271272
0.223736
0.0545554
0.728276
0.143461
0.020772
0.362251
-0.00305546
0.175401
-0.230682
0.132923
0.179664
0.306054
0.413619
0.230718
0.571682
0.320183
0.382817
0.379114
0.503657
0.486187
0.645102
0.0031499
0.478598
0.0435831
0.438186
0.0227027
0.115861
0.420454
1
0.129803
0.00994003
0.0242947
1
0.172032
-0.038661
0.16175
-0.00213435
0.050841
1
0.786045
0.552914
0.538679
1
0.292653
0.193625
0.633222
0.499475
1
1
0.125225
0.742016
0.829695
0.571759
0.438818
-0.325311
0.100313
-0.52902
0.49969
-0.66851
0.700644
1
0.414391
0.996773
0.0745101
1
0.34931
0.94696
1
1
0.915093
0.470938
1
1
0.0991763
1
1
1
0.475227
1
1
0.535287
1
1
0.0199589
0.00311725
0.421666
-0.413494
0.51582
0.155625
0.445335
0.523259
-0.246843
0.355482
1
-0.155229
1
0.662232
0.820713
0.586441
0.522559
0.471426
0.42256
0.104959
0.471491
0.511696
0.174468
0.0770839
0.0909948
0.383086
1
1
0.458549
0.236854
-0.896166
1
0.830761
0.52643
1
0.786628
0.846716
0.20226
0.943028
-0.059619
0.0516631
0.265414
0.0743265
-0.0199511
1
0.264349
1
1
0.846803
1
0.426667
1
1
1
-0.527917
1
1
0.688412
0.395586
0.680395
0.479498
0.241966
0.304719
0.223843
1
0.494438
0.556629
0.113447
-0.0775118
0.234263
0.352085
0.503037
0.387865
0.192077
0.0634804
0.0382549
0.514914
0.06712
1
0.0121917
1
0.208238
0.0830549
-0.0936207
0.265119
0.467849
0.811759
-0.294352
0.142294
0.212351
1
0.644035
0.122611
0.416984
1
0.728842
0.0230941
-0.00425541
0.545905
0.883057
0.279688
0.167677
0.509457
0.315013
0.187883
0.0893255
0.170003
0.343229
0.519788
0.227835
0.106944
0.100319
0.113779
0.407785
0.0478418
0.139355
0.100498
0.0849659
0.948454
1
0.61693
0.0202958
0.000434809
0.123322
0.145038
0.751712
0.058964
0.0225267
-0.0144396
0.790451
0.284758
0.219341
0.175928
0.0669954
0.267349
0.459703
0.427432
0.472532
0.410285
0.0536253
0.309656
-0.199705
0.0908554
0.885982
-0.103614
1
0.648808
0.411418
1
1
0.148511
0.568892
1
0.246994
0.373954
0.20197
0.898819
0.110865
1
-0.00671773
1
0.739869
0.196052
0.466744
0.353897
0.196601
0.470119
0.671219
0.633708
0.407855
1
1
0.0310795
0.605126
0.386803
-0.0583855
1
0.399593
-0.0317277
0.392405
0.162267
0.487946
0.34397
0.215233
-0.338238
-0.414279
0.129316
0.733189
-0.0220579
0.0329767
0.190106
0.743406
0.518004
-0.0471757
1
0.333212
1
1
1
0.58771
-0.0333818
0.315744
0.113
1
1
0.0191566
0.160727
1
0.970459
0.213186
1
0.775711
0.275882
1
1
0.29289
-0.426623
0.330471
-0.414343
0.400568
0.712992
0.585302
0.525303
1
1
0.446212
0.305244
0.817754
1
0.211116
0.608542
1
0.06186
0.318987
0.798486
0.155969
0.392049
0.552329
0.626948
-0.000792133
0.203141
0.159315
0.0441819
0.0618126
0.0561837
-0.00197308
0.0292747
0.102655
0.136846
0.0594935
0.00875207
0.253098
0.13249
0.0232749
0.0503377
0.023494
0.781367
0.505954
0.551338
0.215445
0.404611
0.27965
0.440372
0.360059
0.951192
0.381998
0.521326
0.232329
0.524654
0.00565611
0.0224105
-0.0384262
0.034487
0.0760686
1
1
0.0477696
0.376074
0.0214915
0.138614
0.197395
0.305168
0.0995583
0.182627
0.895608
1
0.374876
-0.0487375
0.176925
0.950728
0.52888
0.455857
1
1
-0.063832
1
0.927417
1
-0.242673
0.756104
1
0.52606
0.529278
0.126296
-0.0370231
-0.000828127
1
0.997986
1
0.0192777
0.0528922
-0.0371243
0.277511
1
0.574058
1
0.102682
0.735443
0.359782
1
0.493849
1
0.574446
0.172749
0.339331
0.519642
1
0.234976
1
0.563042
0.328222
0.168323
0.480258
0.315248
0.970731
1
0.980024
0.437699
1
1
0.267805
1
0.334719
0.189227
0.0874542
0.393183
0.331478
0.27298
0.347608
0.627307
0.0307279
-0.189681
-0.892159
0.629882
0.00482007
0.00704099
0.473097
0.549338
0.620765
0.286063
0.584239
-0.148387
0.890716
1
0.0885471
0.340959
1
1
1
0.82599
0.345534
1
-0.985462
0.597516
-0.00358734
0.320788
-0.458216
1
-0.0250258
-0.0269328
0.29495
0.934827
-0.0502004
1
0.735553
1
1
0.134825
1
-0.56265
0.584866
0.14851
1
0.491378
0.516337
-1
-0.577765
-0.764828
0.0181485
0.152106
0.0613402
-0.0145278
-0.0235883
0.499931
0.509444
0.0823863
0.0734476
0.110075
0.203819
0.0751234
0.020417
0.415437
0.832559
0.500099
0.0720464
0.44817
0.496363
0.353283
1
1
1
0.916693
1
0.370121
0.00559963
0.00668615
0.80942
0.372374
-0.0034728
1
0.386516
1
-0.421858
-0.566465
-0.384862
-0.530209
-0.164124
-0.137182
0.239029
0.133484
0.300861
0.202444
1
0.33708
1
1
0.435884
0.882951
0.00818327
0.0467071
-0.122958
0.234351
-0.218202
0.698513
0.369892
-1
-0.199475
1
0.444739
-0.261586
-0.30744
-0.191343
0.154537
-1
1
-0.408344
-0.297712
0.170334
-0.421772
-1
-0.329548
0.0739693
0.187731
0.203433
-0.202481
0.175955
0.0288472
0.608399
0.424319
0.0968733
0.19721
-0.0359234
-0.087115
1
0.1182
0.34368
0.0806723
0.250767
0.631949
0.414393
0.79359
0.00333181
0.316475
1
0.114489
0.0858182
1
0.518912
0.604421
0.882168
0.199675
0.215641
0.679288
0.066704
0.110516
0.43813
0.387343
0.177124
0.20347
0.270465
0.413736
1
0.37475
0.291679
0.0202136
0.739604
0.0619686
0.332965
1
1
-0.0293861
0.331146
-0.866873
-0.567348
-0.996944
0.579635
0.0577677
0.0855511
0.521959
0.148839
0.20789
-0.154788
0.0720853
1
0.31141
0.211831
0.209414
-0.0104068
0.594046
0.00490963
-0.110259
0.059201
-0.00878638
0.292748
0.529276
0.0512628
1
-0.00313424
0.594132
0.379554
0.574813
0.638772
-0.0553946
-0.300542
1
0.013282
0.395719
0.386125
0.277491
1
-0.267349
-0.820192
0.474482
0.318465
0.483328
-0.863851
0.175013
0.19352
0.220587
1
0.837014
0.499142
0.437231
0.311983
-0.0753771
0.315765
0.286004
0.560551
0.0517185
1
-0.0226029
0.0328142
0.331035
-0.824609
1
0.0112537
0.367187
0.68108
0.311542
0.389193
0.379572
0.643644
0.0509022
-0.499765
0.0804221
0.113399
0.240508
-0.0227517
0.0491194
0.357385
0.118228
1
0.592519
0.371838
-0.993089
0.608486
0.985698
0.0122951
0.00587819
-0.0805602
0.828538
0.139186
0.833396
-0.0162831
1
0.13346
0.783072
0.360485
0.132493
0.245707
0.168444
1
0.120646
-0.0318372
-0.331289
0.283403
0.502002
-0.0149883
0.656838
0.730547
0.276005
0.347968
0.785958
0.337953
-0.118008
0.0632754
-0.0085726
0.10767
-0.436906
0.0934997
0.100233
0.239007
0.142448
0.140149
0.148708
0.860892
0.450743
0.283579
0.0980219
1
0.275739
0.0536532
0.181084
0.273672
0.452446
-0.104918
0.572331
0.61363
-0.0760634
-0.0107646
-0.172567
0.377168
-0.11785
0.235707
0.600289
0.0622677
1
0.128015
0.0709669
0.075454
0.738751
0.626687
0.641838
0.291559
0.472318
0.556038
0.0599981
-0.0598775
0.447364
0.441535
-0.0388402
0.263175
0.0107547
0.43882
0.422861
0.135147
1
0.880526
0.197062
0.36372
-0.165936
0.491067
0.274007
0.721102
1
0.0764989
1
0.0819957
1
-0.175247
0.278618
0.152507
0.129184
1
0.0762328
0.683316
-0.101446
0.316204
0.144098
0.0407946
0.613269
0.123136
0.554091
0.268837
0.704793
0.160968
0.200684
0.14446
0.367797
0.410898
0.247124
0.177122
-0.131905
0.272828
0.092587
0.597661
0.402635
0.0733977
0.281315
0.0620329
0.0076456
0.0361853
-0.00133344
0.111926
0.0105731
0.740681
0.197444
0.137019
0.201664
-0.0721973
0.3073
0.155867
0.479833
1
0.183497
0.645983
0.8616
-0.295654
0.860934
0.023063
0.0216015
0.388017
0.156832
0.180441
0.17034
0.0907669
1
-0.22312
0.0173864
-0.0289762
0.59945
1
0.517038
0.0817979
0.455044
0.305805
0.178451
0.516531
1
0.71096
0.204735
0.0488251
-1
0.110017
-0.025736
0.158
0.11433
-0.0513633
-0.170152
-0.519785
0.133834
0.16743
0.27238
0.268038
1
-0.0683642
-0.148561
0.20704
0.0677747
-0.0918203
0.113837
0.36303
0.0651797
-0.0743634
1
-0.347577
0.118455
0.913144
-0.0531493
0.0313885
1
-0.0113057
0.388338
0.099796
-0.408261
1
0.0749849
0.98435
1
-0.489335
0.0666696
1
1
0.051833
0.127209
0.269492
1
0.717287
0.0631072
0.150819
0.16726
0.463115
0.073407
-0.0190052
-0.0997824
0.110533
-0.0862702
0.00679465
-0.0700813
0.402008
0.0757258
0.0984128
1
-0.211081
0.417584
0.522372
0.281838
0.0215493
0.0639519
-0.038076
-0.200427
0.0806019
0.48183
0.754534
-0.590113
0.0779398
0.155873
0.0847619
0.113701
0.132041
0.133653
0.163835
0.0988971
0.315538
0.160869
-0.0122168
0.0757174
0.300224
0.381478
0.117736
0.381963
0.583884
-0.0287914
1
0.026864
0.0658487
1
0.0449291
0.211168
1
0.0345945
0.0737129
0.0561618
0.189316
0.0675901
0.0889445
0.059423
0.151493
-0.280744
0.205633
0.441414
0.149207
0.155317
0.362964
0.354225
0.49497
0.361502
0.152716
0.858778
0.176994
0.0150573
0.132536
-0.176788
-0.00743743
0.201425
0.0433121
0.0381567
-0.104531
-0.0227617
0.211933
-0.0962669
0.0222494
0.0462888
0.259547
-0.0949209
-0.477093
-0.23212
-0.021622
-0.424886
-0.106587
-0.440336
0.16226
-0.201663
0.228809
0.0660314
0.097886
0.190422
0.213954
0.145166
-0.0975179
0.533319
0.207692
0.139283
0.0482221
0.102898
0.0928552
0.0591488
0.20522
0.0176771
0.260743
0.454757
0.0230565
1
0.962514
-0.418539
-0.994358
0.187345
0.385482
0.503035
0.75892
0.0826169
-0.00073143
0.042457
0.141059
0.214925
0.0525556
1
0.0476
0.0706431
0.193453
0.119725
1
1
1
0.283398
0.286026
0.155325
0.560822
0.415697
0.0229723
0.693686
0.104406
0.0984281
0.0606078
1
0.040493
0.140651
0.075716
0.193322
0.0750843
0.0223672
-0.0421248
0.0948431
0.0426934
0.00338404
0.092922
0.190913
0.787466
-0.00813039
0.197464
0.515569
0.0412087
0.0238097
0.575664
-0.035288
-0.00734449
0.0936807
0.0683388
0.139346
0.0459653
0.149515
-0.0204194
0.264975
0.0422325
0.22976
0.351943
-0.00227292
0.156861
0.262691
0.312646
0.163148
0.20728
0.0333543
-0.12976
0.213826
0.0575278
0.154891
0.128559
0.0913687
0.0965668
0.0649097
0.230621
0.92347
0.431219
0.255953
0.452074
0.370206
0.333192
0.0141972
0.878695
-0.0354413
0.156248
0.117546
0.98883
0.13252
0.122437
1
0.0511189
0.11495
0.155155
0.489898
-0.0970113
0.0928665
0.0815791
0.170788
0.0378258
0.113713
0.104672
0.305641
0.184209
0.229823
0.540197
0.337759
0.0870789
-0.0527636
1
0.133259
1
0.0978524
0.0494086
1
-0.0384241
-0.0027252
0.199066
0.11063
0.790042
1
0.390395
0.00116655
0.0360517
0.147169
-0.00543332
0.0103075
0.611381
0.38561
0.0787109
-0.20084
0.147511
-0.0156003
-0.0481398
0.229703
0.40286
0.150182
0.610556
0.197391
0.123439
0.666795
0.235291
0.183123
0.310141
0.0403419
0.235806
1
0.492875
0.370293
0.0698787
0.141962
0.0301725
0.317842
0.145357
0.0540347
1
0.832331
-0.132384
-0.00444696
0.122626
0.0222756
0.288795
0.167102
0.356878
0.493176
0.372432
0.362049
0.0461278
0.0772013
0.0496397
0.000955658
0.138573
0.118555
0.3415
0.165044
0.129207
0.0576218
-0.0375486
-0.012042
-0.101137
0.0989265
0.983656
0.846088
0.98834
0.20265
0.105335
-0.107347
0.397438
0.210287
0.0754121
0.393687
0.587466
0.794059
1
0.967612
-1
0.10373
0.138688
0.970468
-0.648796
0.204834
0.53386
0.355106
0.355605
-0.305134
0.554873
-0.0470551
0.117845
0.161533
0.983773
0.936652
0.34676
0.140663
-0.0362329
0.0532652
0.036185
0.0226197
0.139457
0.071175
-0.135165
-0.082303
0.247088
-0.00828794
1
0.671606
0.9568
0.758057
0.23512
-0.0379765
0.249319
-0.316774
1
0.102646
0.446857
0.643571
0.0700104
0.0345644
-0.611958
0.0342134
0.356458
0.307372
-0.265486
0.299476
0.122906
-0.0328585
0.787296
0.213893
0.651068
0.856591
0.289363
0.873208
0.551558
0.319118
0.433775
0.461934
0.131978
0.265214
0.101907
0.248192
0.111338
-0.053487
0.113868
0.336875
0.17733
0.530092
0.750788
0.797198
1
0.879333
-0.00146737
0.235793
-0.058898
0.301467
-0.274856
0.366717
-0.0273133
0.0183595
-0.338908
-0.204357
-0.175304
0.354665
1
-0.159267
0.640547
-0.0529715
0.0872405
1
0.426685
-0.300354
-0.136336
0.414372
0.412557
0.237396
0.834098
0.164088
0.312941
0.424088
0.0934023
-0.07346
0.358595
0.183262
0.800365
0.125578
0.113615
0.0836777
0.26093
0.176672
0.113411
0.0884556
0.0930749
0.254964
0.18399
0.705107
1
0.263879
-0.0771469
0.140131
0.771663
0.476235
0.606682
0.357248
0.256525
0.123124
0.287315
0.15373
0.152363
0.246559
0.401858
0.145998
0.585615
-0.0173312
0.408408
0.110697
0.533718
1
0.205679
-0.202546
0.195993
0.111254
0.200607
-0.114003
-0.0380344
0.129333
1
-0.00385473
0.00683231
0.170992
-0.00732484
0.126924
0.192821
0.0791775
0.426525
0.027211
0.325413
-0.107434
0.0503006
0.304888
0.190161
0.318213
0.11659
0.197883
0.237202
0.194561
0.257619
0.181564
0.455151
0.244361
0.189851
0.14922
0.18136
-0.507032
0.00266331
0.107233
0.324312
0.36411
0.322167
0.0910443
0.868056
0.00212774
0.319731
0.15325
0.217598
0.358829
0.0487442
0.108923
0.152803
-0.0616418
1
1
1
0.480741
-1
0.0868924
0.00600169
0.166447
0.489803
0.504152
0.0390503
0.095124
0.161641
0.516308
0.33093
0.345979
0.358923
0.45555
0.316024
0.593143
0.35923
0.057694
0.0471705
0.765509
0.451532
0.060443
0.228137
0.545229
0.348706
-0.477156
-0.36255
-0.0116487
0.21212
0.941331
0.16676
0.816725
0.827934
0.85973
0.706017
0.671776
0.0364399
0.248354
0.11981
-0.00207344
0.463533
0.674641
1
0.489011
-0.12739
0.295998
-0.0199089
0.105519
0.137066
0.191381
-0.0148439
-0.31147
-0.233421
0.179582
0.685385
-0.292276
0.222805
-0.572323
-0.0196236
0.0214253
0.329288
0.332716
0.382479
0.284757
0.111815
-0.136867
-0.287161
0.764239
0.0885995
0.00334427
0.310538
-0.0731666
0.432865
0.378918
0.453659
0.00869137
0.0353807
0.00207694
0.021896
1
0.609077
0.203736
0.128311
0.578272
0.0365075
-0.0371263
0.300094
0.18012
-0.128895
0.232425
0.0515626
0.0559527
0.353437
0.215088
0.15216
0.3833
0.137998
0.489339
0.238954
0.336068
0.160675
0.687413
0.780144
0.259603
0.296582
-0.153439
-0.206709
-0.0837539
0.17724
0.0981897
-0.0355937
0.0849784
0.0594349
0.294683
-0.362744
-0.0208116
-0.0080783
0.0529188
0.406589
0.189664
0.123459
0.479543
0.107552
-0.404244
-0.128132
0.219351
0.125424
0.0814831
0.0699674
0.132925
0.0323635
0.0770858
0.156917
-0.0391181
0.160947
0.136642
0.169963
-0.0332928
0.292879
0.123905
0.384888
0.225095
0.256435
0.454468
0.627902
0.607086
0.300194
0.0465241
0.0818804
0.0563664
0.116296
0.144129
0.290327
0.805558
0.175665
0.0351609
0.0758671
0.129152
0.196409
0.94429
0.615044
0.0825071
0.057454
0.0848737
0.0680891
0.293345
0.442377
0.0728391
0.218217
0.657473
0.155171
1
0.129187
0.356944
-0.0320423
0.604409
0.0425166
0.0706366
0.311752
0.0608996
0.111197
0.0955405
-0.182353
0.210448
0.171185
0.250125
0.614376
-0.188343
-0.197385
-0.238987
0.646539
0.304226
0.0996834
0.187472
0.0640072
-0.207775
-0.317486
-0.133071
-0.0592517
0.07526
-1
0.455914
1
1
0.232325
0.162221
-0.351065
0.152414
0.0921717
0.159794
0.0961448
0.101321
0.0896289
0.0521961
0.0519718
0.0729928
0.266386
-0.00950218
0.799371
1
1
0.491718
0.976038
0.366817
0.455952
0.0337624
0.732706
0.178492
4.41416e-05
0.00305841
0.036136
0.0595574
0.0659513
0.0384163
0.0526573
0.057929
0.0262356
0.183088
0.406825
0.167315
0.283908
0.177169
0.295271
0.0884063
0.559498
0.464902
0.100439
0.088523
-0.743545
0.307572
0.17101
0.242019
0.0944144
0.121093
0.0276664
0.0525259
0.0870386
0.0925866
0.0269308
0.0751643
0.0607885
0.186685
0.0473175
-0.0578128
-0.132007
0.169628
0.143377
0.0209043
-0.188674
-0.124301
-0.124695
0.0078035
-0.146173
0.25009
0.158807
0.14234
0.262753
0.063757
0.0391728
0.145254
0.293855
0.350809
0.176304
0.0727721
0.124305
0.177241
1
0.190727
0.210661
1
0.0892425
0.40729
0.365071
0.264423
0.129565
0.282039
0.0313651
0.122935
0.12656
0.0521743
0.126159
0.00804833
0.0974454
0.0838783
0.167841
0.107565
0.142629
0.640069
0.832182
1
0.0704041
0.677191
0.335106
-0.0182859
0.0817727
0.14955
-0.0586782
0.0319236
0.18956
-0.011976
1
0.199946
1
1
0.0750358
-0.00280862
0.142357
0.893962
0.424549
0.319036
0.0539594
-0.0260892
0.112346
0.0991633
0.108962
0.775781
0.183427
0.0412688
-0.0689958
-0.00658782
0.963279
0.146091
0.0853847
0.030374
-0.0987214
0.153625
-0.0273525
0.0865381
0.0682222
1
0.200878
0.241994
0.0414217
0.336895
0.272393
0.492411
0.145468
0.984103
0.634834
0.407722
0.145104
-0.0240053
0.0406691
0.0701227
0.12267
0.0930933
0.055441
0.12741
0.57242
0.623655
0.0698475
0.0410283
0.204041
0.205337
0.0843734
0.0762294
0.0292527
0.315793
0.364328
0.139524
0.121129
0.125266
0.101141
0.174486
0.126977
0.149672
1
0.581781
1
0.469788
0.13056
0.349742
0.10736
0.290545
0.0692432
0.150456
-0.178187
0.0625911
0.138335
0.168417
0.050248
-0.0617596
0.185237
0.515028
0.777286
0.135908
-0.183486
-0.43017
-0.0319033
0.0972453
0.116265
0.0746727
0.446245
0.326463
0.261605
0.242328
0.299164
0.130699
0.800051
0.402799
0.229723
0.0809591
0.363176
0.307969
0.431011
0.00648199
0.290981
0.331902
0.0836714
0.168769
0.130946
0.289574
0.133708
0.542174
0.0585824
0.556706
0.0357601
0.165887
1
-0.00418549
0.00132861
0.040474
0.111798
0.328803
0.210706
0.11947
0.129963
-0.120395
-0.0274453
0.0348566
0.0288067
0.058675
0.116659
0.175852
0.135142
0.148938
0.0762475
-0.064361
-0.027016
0.409734
0.473403
0.108323
0.133279
0.370645
0.401781
0.466981
0.15801
0.0930001
0.361239
0.487987
0.111994
0.115756
-0.0458503
0.645044
0.888809
1
1
1
-0.723599
0.292068
1
0.165151
0.166684
0.721304
0.194432
0.268296
0.147033
0.125947
0.195296
-0.137899
0.267394
0.389373
0.0847749
0.0446943
1
0.0469061
0.119433
0.136819
0.342062
0.702037
0.586266
0.158159
-0.0256633
0.973831
0.84135
1
0.13131
0.128485
0.193679
0.0916001
-0.0406444
0.249887
0.0808566
0.200823
0.165672
0.114749
0.17192
0.0828557
0.0524444
-0.0362835
0.183897
0.165392
0.717032
0.238869
0.606987
0.247034
