0.0000000750000000  38.6999999999999957
0.0000000000000000  77.7974999999999994
0.0000000731250000  38.8151899432492087
0.0000000712500000  38.9321431607538813
0.0000000693750000  39.0526402830336394
0.0000000675000000  39.1784966925155089
0.0000000656250000  39.3115799939658288
0.0000000637500000  39.4538275956923385
0.0000000618750000  39.6072644348588057
0.0000000600000000  39.7740208783260414
0.0000000581250000  39.9563508268553349
0.0000000562500000  40.1566500474087036
0.0000000543750000  40.3774747544167099
0.0000000525000000  40.6215604570289344
0.0000000506250000  40.8918410857933097
0.0000000487500000  41.1914684085582650
0.0000000468750000  41.5238317424195316
0.0000000450000000  41.8925779661645805
0.0000000431250000  42.3016318361017269
0.0000000412500000  42.7552166078226676
0.0000000393750000  43.2578749673373508
0.0000000375000000  43.8144902775175424
0.0000000356250000  44.4303081500735217
0.0000000337500000  45.1109583595312671
0.0000000318750000  45.8624771240083575
0.0000000300000000  46.6913297884530962
0.0000000281250000  47.6044339589237566
0.0000000262500000  48.6091831524311218
0.0000000243750000  49.7134710449795918
0.0000000225000000  50.9257164212498381
0.0000000206250000  52.2548889529172840
0.0000000187500000  53.7105359583834385
0.0000000168750000  55.3028103250307836
0.0000000150000000  57.0424998054873171
0.0000000131250000  58.9410579320261263
0.0000000112500000  61.0106368274533111
0.0000000093750000  63.2641222269736829
0.0000000075000000  65.7151710629091497
0.0000000056250000  68.3782520027015863
0.0000000037500000  71.2686893706799367
0.0000000018750000  74.4027109246632392
0.0000000750000000  38.6999999999999957
0.0000000000000000  77.7974999999999994
0.0000000018750000  74.4027109246411698
0.0000000037500000  71.2686893706990787
0.0000000056250000  68.3782520027050111
0.0000000075000000  65.7151710629218968
0.0000000093750000  63.2641222269926971
0.0000000112500000  61.0106368274745634
0.0000000131250000  58.9410579320428312
0.0000000150000000  57.0424998055059405
0.0000000168750000  55.3028103250463801
0.0000000187500000  53.7105359584014650
0.0000000206250000  52.2548889529386642
0.0000000225000000  50.9257164212766540
0.0000000243750000  49.7134710450073314
0.0000000262500000  48.6091831524520828
0.0000000281250000  47.6044339589397580
0.0000000300000000  46.6913297884715348
0.0000000318750000  45.8624771240277767
0.0000000337500000  45.1109583595497696
0.0000000356250000  44.4303081500954136
0.0000000375000000  43.8144902775331317
0.0000000393750000  43.2578749673564502
0.0000000412500000  42.7552166078430318
0.0000000431250000  42.3016318361207837
0.0000000450000000  41.8925779661827491
0.0000000468750000  41.5238317424380412
0.0000000487500000  41.1914684085761422
0.0000000506250000  40.8918410858075134
0.0000000525000000  40.6215604570399691
0.0000000543750000  40.3774747544250019
0.0000000562500000  40.1566500474184025
0.0000000581250000  39.9563508268671725
0.0000000600000000  39.7740208783385967
0.0000000618750000  39.6072644348653569
0.0000000637500000  39.4538275956980939
0.0000000656250000  39.3115799939733392
0.0000000675000000  39.1784966925231828
0.0000000693750000  39.0526402830444752
0.0000000712500000  38.9321431607533981
0.0000000731250000  38.8151899432504095
